desc: I1 cache:         32768 B, 64 B, 8-way associative
desc: D1 cache:         32768 B, 64 B, 8-way associative
desc: LL cache:         3145728 B, 64 B, 12-way associative
cmd: tests/BSTree_tests
events: Ir I1mr ILmr Dr D1mr DLmr Dw D1mw DLmw 
fl=/home/sora/cprogramming/ex41_dir/src/lcthw/BSTree.c
fn=BSTree_create
12 4 1 1 0 0 0 2 0 0
13 6 1 1 0 0 0 2 0 0
14 4 0 0 0 0 0 0 0 0
16 8 0 0 0 0 0 2 0 0
26 4 0 0 4 0 0 0 0 0
fn=BSTree_delete
148 300 0 0 100 0 0 0 0 0
149 57 0 0 0 0 0 0 0 0
156 309 1 1 103 0 0 0 0 0
157 194 0 0 97 0 0 0 0 0
158 134 0 0 11 0 0 56 0 0
160 74 0 0 11 0 0 41 0 0
164 16 2 2 2 0 0 6 0 0
167 86 0 0 0 0 0 0 0 0
168 261 1 1 36 0 0 153 0 0
175 172 0 0 86 0 0 86 0 0
176 172 0 0 86 0 0 86 0 0
181 3879 0 0 2586 0 0 1293 0 0
183 2586 0 0 0 0 0 0 0 0
184 1623 0 0 533 0 0 0 0 0
191 760 0 0 0 0 0 0 0 0
192 1971 0 0 657 0 0 0 0 0
200 530 1 1 169 0 0 0 0 0
207 43 0 0 43 0 0 0 0 0
213 111 0 0 37 0 0 0 0 0
225 1236 1 1 0 0 0 618 0 0
226 103 0 0 0 0 0 0 0 0
228 822 0 0 206 0 0 0 0 0
233 206 0 0 103 0 0 103 0 0
237 1030 0 0 824 0 0 0 0 0
fn=BSTree_destroy
35 4 0 0 0 0 0 2 0 0
36 4 1 0 0 0 0 0 0 0
37 4 0 0 0 0 0 2 0 0
38 4 0 0 0 0 0 0 0 0
40 2 0 0 2 0 0 0 0 0
fn=BSTree_get
92 62673 0 0 41782 0 0 20891 0 0
94 41782 0 0 0 0 0 0 0 0
96 18438 0 0 0 0 0 0 0 0
97 27234 0 0 9078 0 0 0 0 0
103 37440 0 0 9360 0 0 0 0 0
112 12280 1 1 0 0 0 7368 0 0
113 9823 0 0 2456 0 0 0 0 0
114 3 0 0 0 0 0 0 0 0
117 2453 1 1 2453 0 0 0 0 0
119 9824 0 0 9824 0 0 0 0 0
fn=BSTree_set
44 309 2 2 0 0 0 103 0 0
45 898 0 0 0 0 0 0 0 0
47 103 0 0 0 0 0 103 0 0
48 103 0 0 0 0 0 103 0 0
49 103 1 1 0 0 0 103 0 0
58 2379 0 0 1586 0 0 793 0 0
60 1586 0 0 0 0 0 0 0 0
61 1179 0 0 393 0 0 0 0 0
64 55 0 0 0 0 0 55 0 0
67 1200 0 0 400 0 0 0 0 0
70 46 0 0 0 0 0 46 0 0
76 824 2 2 0 0 0 412 0 0
77 311 0 0 103 0 0 0 0 0
79 2 0 0 0 0 0 2 0 0
84 103 0 0 0 0 0 0 0 0
87 618 0 0 515 0 0 0 0 0
fn=BSTree_traverse
125 8 0 0 2 0 0 0 0 0
126 2 0 0 0 0 0 2 0 0
127 4 1 1 0 0 0 0 0 0
130 3 0 0 1 0 0 0 0 0
134 3 0 0 0 0 0 0 0 0
139 12 0 0 0 0 0 8 0 0
140 12 0 0 4 0 0 0 0 0
143 2 0 0 0 0 0 0 0 0
144 15 0 0 11 0 0 0 0 0
fn=BSTree_traverse_nodes
122 18 0 0 0 0 0 12 0 0
125 12 1 1 4 0 0 0 0 0
127 6 0 0 0 0 0 0 0 0
130 12 2 2 4 0 0 0 0 0
134 10 1 1 0 0 0 2 0 0
135 14 0 0 12 0 0 0 0 0
fn=default_compare
8 22977 1 1 0 0 0 0 0 0
fl=/home/sora/cprogramming/ex41_dir/src/lcthw/bstrlib.c
fn=balloc
71 90 0 0 0 0 0 0 0 0
72 45 0 0 0 0 0 0 0 0
98 360 2 2 0 0 0 270 0 0
100 585 0 0 135 0 0 0 0 0
101 135 1 1 0 0 0 0 0 0
105 90 0 0 0 0 0 0 0 0
108 90 0 0 0 0 0 0 0 0
111 270 0 0 0 0 0 0 0 0
118 135 1 1 0 0 0 45 0 0
119 90 0 0 0 0 0 0 0 0
146 45 0 0 0 0 0 45 0 0
147 45 0 0 0 0 0 45 0 0
148 90 0 0 45 0 0 45 0 0
151 135 0 0 0 0 0 0 0 0
152 495 1 1 315 0 0 45 0 0
fn=bdestroy
995 400 0 0 0 0 0 200 0 0
996 2400 2 2 400 0 0 0 0 0
997 200 0 0 200 0 0 0 0 0
1000 200 0 0 0 0 0 200 0 0
1005 200 0 0 0 0 0 200 0 0
1006 200 0 0 0 0 0 200 0 0
1007 200 0 0 0 0 0 200 0 0
1009 400 0 0 0 0 0 200 0 0
1010 200 0 0 0 0 0 0 0 0
1011 400 0 0 400 0 0 0 0 0
fn=bformat
2884 2800 2 2 0 0 0 2000 0 0
2889 400 1 1 0 0 0 0 0 0
2895 1200 0 0 0 0 0 200 0 0
2896 1400 1 1 0 0 0 200 0 0
2902 1470 1 1 0 0 0 980 0 0
2903 1715 0 0 245 0 0 245 0 0
2906 735 0 0 245 0 0 245 0 0
2907 735 0 0 245 0 0 490 0 0
2909 490 0 0 0 0 0 0 0 0
2911 135 0 0 0 0 0 0 0 0
2913 270 0 0 0 0 0 45 0 0
2920 1700 1 1 1200 0 0 0 0 0
fn=bfromcstralloc
71 400 0 0 0 0 0 0 0 0
72 200 0 0 0 0 0 0 0 0
214 1200 1 1 0 0 0 1000 0 0
219 600 1 1 0 0 0 0 0 0
220 600 0 0 0 0 0 200 0 0
221 1000 0 0 0 0 0 0 0 0
222 400 0 0 0 0 0 0 0 0
224 600 0 0 0 0 0 200 0 0
225 600 1 1 0 0 0 0 0 0
226 400 0 0 0 0 0 200 0 0
229 1200 0 0 0 0 0 600 0 0
234 800 0 0 0 0 0 200 0 0
235 200 0 0 0 0 0 0 0 0
236 1200 0 0 1200 0 0 0 0 0
fn=bstrcmp
882 68931 0 0 0 0 0 22977 0 0
885 275724 2 2 45954 1 1 0 0 0
886 114885 0 0 45954 0 0 0 0 0
888 97170 0 0 0 0 0 0 0 0
889 14082 1 1 0 0 0 0 0 0
891 62942 0 0 0 0 0 0 0 0
892 94413 1 1 62942 1 1 0 0 0
893 65220 0 0 0 0 0 0 0 0
894 48416 0 0 0 0 0 0 0 0
900 45954 0 0 45954 0 0 0 0 0
fn=snapUpSize.part.0
77 135 0 0 0 0 0 0 0 0
78 135 0 0 0 0 0 0 0 0
79 135 0 0 0 0 0 0 0 0
80 135 0 0 0 0 0 0 0 0
82 180 0 0 0 0 0 0 0 0
88 135 0 0 0 0 0 0 0 0
92 45 0 0 45 0 0 0 0 0
fl=/home/sora/cprogramming/ex41_dir/tests/BSTree_tests.c
fn=all_tests
46 2 0 0 1 0 0 1 0 0
154 1 1 1 0 0 0 0 0 0
157 12 1 1 2 0 0 2 0 0
158 11 1 1 2 0 0 2 0 0
159 11 1 1 2 0 0 2 0 0
160 11 1 1 2 0 0 2 0 0
161 7 0 0 2 0 0 1 0 0
162 11 1 1 2 0 0 2 0 0
164 2 0 0 1 0 0 0 0 0
fn=main
166 1 1 1 0 0 0 1 0 0
fn=test_create
37 1 1 1 0 0 0 0 0 0
38 4 1 1 0 0 0 2 1 0
39 2 0 0 0 0 0 0 0 0
41 1 0 0 0 0 0 0 0 0
42 2 1 1 1 0 0 0 0 0
fn=test_delete
87 1 1 1 0 0 0 0 0 0
88 3 0 0 1 0 0 1 0 0
89 2 0 0 0 0 0 0 0 0
90 2 0 0 0 0 0 0 0 0
91 3 2 2 1 0 0 1 0 0
92 2 0 0 0 0 0 0 0 0
94 3 1 1 1 0 0 1 0 0
97 3 0 0 1 0 0 1 0 0
98 2 0 0 0 0 0 0 0 0
99 2 0 0 0 0 0 0 0 0
100 3 1 1 1 0 0 1 0 0
101 2 0 0 0 0 0 0 0 0
103 3 1 1 1 0 0 1 0 0
106 3 0 0 1 0 0 1 0 0
107 2 0 0 0 0 0 0 0 0
108 2 0 0 0 0 0 0 0 0
109 3 1 1 1 0 0 1 0 0
110 2 0 0 0 0 0 0 0 0
112 3 1 1 1 0 0 1 0 0
116 2 0 0 0 0 0 0 0 0
117 2 1 1 1 0 0 0 0 0
fn=test_fuzzing
121 7 1 1 0 0 0 6 0 0
122 3 0 0 0 0 0 1 1 0
125 105 0 0 0 0 0 100 8 0
126 104 0 0 0 0 0 100 0 0
127 6 1 1 0 0 0 2 0 0
129 201 0 0 0 0 0 1 0 0
130 200 0 0 0 0 0 100 0 0
131 600 0 0 0 0 0 200 0 0
132 500 1 1 0 0 0 200 0 0
133 500 0 0 0 0 0 100 0 0
136 200 0 0 100 0 0 0 0 0
137 600 0 0 200 0 0 200 0 0
138 400 1 1 100 0 0 100 0 0
139 900 0 0 200 0 0 100 0 0
141 7601 0 0 0 0 0 0 0 0
142 14700 1 1 4900 0 0 2450 0 0
144 200 1 1 100 0 0 100 0 0
145 300 1 1 200 0 0 100 0 0
148 2 0 0 0 0 0 1 0 0
149 2 0 0 0 0 0 0 0 0
150 8 0 0 7 1 0 0 0 0
fn=test_get_set
52 1 1 1 0 0 0 0 0 0
53 4 0 0 1 0 0 1 0 0
54 2 0 0 0 0 0 0 0 0
55 3 2 2 1 0 0 1 0 0
56 2 0 0 0 0 0 0 0 0
58 4 1 1 1 0 0 1 0 0
59 2 0 0 0 0 0 0 0 0
60 3 1 1 1 0 0 1 0 0
61 2 0 0 0 0 0 0 0 0
63 4 1 1 1 0 0 1 0 0
64 2 0 0 0 0 0 0 0 0
65 3 1 1 1 0 0 1 0 0
66 2 0 0 0 0 0 0 0 0
68 2 1 1 0 0 0 0 0 0
70 2 0 0 1 0 0 0 0 0
fn=test_traverse
73 1 0 0 0 0 0 0 0 0
74 3 0 0 1 0 0 1 0 0
75 2 0 0 0 0 0 0 0 0
76 2 2 2 1 0 0 0 0 0
78 1 0 0 0 0 0 1 0 0
79 3 1 1 1 0 0 1 0 0
80 2 0 0 0 0 0 0 0 0
81 2 1 1 1 0 0 0 0 0
83 3 1 1 0 0 0 0 0 0
84 2 0 0 1 0 0 0 0 0
fn=traverse_fail_cb
25 2 1 1 0 0 0 0 0 0
26 20 0 0 6 0 0 2 0 0
27 6 0 0 2 0 0 2 0 0
29 6 0 0 0 0 0 0 0 0
34 4 0 0 2 0 0 0 0 0
fn=traverse_good_cb
18 3 1 1 0 0 0 0 0 0
19 30 0 0 9 0 0 3 0 0
20 3 0 0 3 0 0 0 0 0
22 9 0 0 3 0 0 0 0 0
fl=/usr/src/debug////////glibc-2.17-c758a686/elf/../sysdeps/x86_64/dl-trampoline.S
fn=_dl_runtime_resolve
58 17 1 1 0 0 0 0 0 0
61 17 0 0 0 0 0 17 0 0
62 17 0 0 0 0 0 17 0 0
63 17 0 0 0 0 0 17 0 0
64 17 0 0 0 0 0 17 0 0
65 17 0 0 0 0 0 17 0 0
66 17 0 0 0 0 0 17 0 0
67 17 0 0 0 0 0 17 0 0
72 17 0 0 0 0 0 0 0 0
73 17 1 1 0 0 0 0 0 0
74 17 0 0 0 0 0 0 0 0
75 17 0 0 0 0 0 0 0 0
85 17 0 0 17 0 0 0 0 0
86 17 0 0 17 0 0 0 0 0
87 17 0 0 0 0 0 17 0 0
88 17 0 0 0 0 0 0 0 0
93 17 0 0 0 0 0 0 0 0
94 17 0 0 0 0 0 0 0 0
95 17 0 0 0 0 0 0 0 0
96 17 0 0 0 0 0 0 0 0
105 17 0 0 17 0 0 0 0 0
106 17 1 1 17 0 0 0 0 0
107 17 0 0 17 0 0 0 0 0
108 17 0 0 17 0 0 0 0 0
109 17 0 0 17 0 0 0 0 0
110 17 0 0 17 0 0 0 0 0
111 17 0 0 17 0 0 0 0 0
113 17 0 0 0 0 0 0 0 0
115 17 0 0 0 0 0 0 0 0
fl=/usr/src/debug////////glibc-2.17-c758a686/io/../sysdeps/unix/syscall-template.S
fn=__write_nocancel
81 80 0 0 16 0 0 0 0 0
fn=access
81 4 1 1 0 0 0 0 0 0
83 5 0 0 1 0 0 1 0 0
fn=close
81 16 0 0 0 0 0 0 0 0
82 4 0 0 4 0 0 0 0 0
fn=open
81 16 1 1 0 0 0 0 0 0
82 4 0 0 4 0 0 0 0 0
fn=read
81 12 1 1 0 0 0 0 0 0
82 3 0 0 3 0 0 0 0 0
fn=write
81 32 1 1 16 0 0 0 0 0
fl=/usr/src/debug////////glibc-2.17-c758a686/misc/../sysdeps/unix/syscall-template.S
fn=mmap
81 60 3 3 0 0 0 0 0 0
82 12 0 0 12 0 0 0 0 0
fn=mprotect
81 32 1 1 0 0 0 0 0 0
82 8 0 0 8 0 0 0 0 0
fn=munmap
81 4 0 0 0 0 0 0 0 0
82 1 0 0 1 0 0 0 0 0
fl=/usr/src/debug////////glibc-2.17-c758a686/posix/../sysdeps/unix/syscall-template.S
fn=uname
81 4 1 1 0 0 0 0 0 0
82 1 0 0 1 0 0 0 0 0
fl=/usr/src/debug////////glibc-2.17-c758a686/setjmp/../sysdeps/x86_64/bsd-_setjmp.S
fn=_setjmp
33 1 1 1 0 0 0 0 0 0
35 1 0 0 0 0 0 0 0 0
fl=/usr/src/debug////////glibc-2.17-c758a686/setjmp/../sysdeps/x86_64/setjmp.S
fn=__sigsetjmp
26 7 2 2 0 0 0 7 1 1
35 7 0 0 0 0 0 0 0 0
36 14 0 0 7 0 0 0 0 0
37 7 0 0 0 0 0 7 0 0
41 7 0 0 0 0 0 7 0 0
42 7 0 0 0 0 0 7 0 0
43 7 1 1 0 0 0 7 0 0
44 7 0 0 0 0 0 7 1 1
45 7 0 0 0 0 0 0 0 0
47 14 0 0 7 0 0 0 0 0
49 7 0 0 0 0 0 7 0 0
50 7 1 1 7 0 0 0 0 0
51 7 0 0 0 0 0 0 0 0
53 14 0 0 7 0 0 0 0 0
55 7 0 0 0 0 0 7 0 0
59 6 0 0 0 0 0 0 0 0
60 6 0 0 6 0 0 0 0 0
64 1 0 0 0 0 0 0 0 0
fl=/usr/src/debug////////glibc-2.17-c758a686/string/../sysdeps/x86_64/memcpy.S
fn=__GI_mempcpy
61 6 1 1 0 0 0 0 0 0
65 6 0 0 0 0 0 0 0 0
68 6 0 0 0 0 0 0 0 0
69 6 0 0 0 0 0 0 0 0
71 5 0 0 5 0 0 0 0 0
72 5 0 0 0 0 0 5 1 0
74 5 0 0 0 0 0 0 0 0
75 5 0 0 0 0 0 0 0 0
80 6 0 0 0 0 0 0 0 0
81 6 0 0 0 0 0 0 0 0
83 3 0 0 3 0 0 0 0 0
84 3 1 1 0 0 0 3 0 0
86 3 0 0 0 0 0 0 0 0
87 3 0 0 0 0 0 0 0 0
92 6 0 0 0 0 0 0 0 0
93 6 0 0 0 0 0 0 0 0
95 1 0 0 1 0 0 0 0 0
96 1 0 0 0 0 0 1 0 0
98 1 0 0 0 0 0 0 0 0
99 1 0 0 0 0 0 0 0 0
104 6 0 0 0 0 0 0 0 0
105 6 0 0 0 0 0 0 0 0
107 2 0 0 2 0 0 0 0 0
108 2 0 0 0 0 0 2 0 0
110 2 0 0 0 0 0 0 0 0
111 4 0 0 0 0 0 0 0 0
116 6 0 0 0 0 0 0 0 0
117 7 0 0 0 0 0 0 0 0
122 1 1 1 1 0 0 0 0 0
123 1 0 0 1 0 0 0 0 0
124 1 0 0 0 0 0 1 0 0
125 1 0 0 0 0 0 1 0 0
127 1 0 0 0 0 0 0 0 0
129 1 0 0 0 0 0 0 0 0
130 1 0 0 0 0 0 0 0 0
132 1 0 0 0 0 0 0 0 0
138 6 0 0 0 0 0 0 0 0
142 6 0 0 6 0 0 0 0 0
fn=memcpy
61 16 1 1 0 0 0 0 0 0
63 16 0 0 0 0 0 0 0 0
65 16 0 0 0 0 0 0 0 0
68 16 0 0 0 0 0 0 0 0
69 16 0 0 0 0 0 0 0 0
71 3 0 0 3 0 0 0 0 0
72 3 0 0 0 0 0 3 3 3
74 3 0 0 0 0 0 0 0 0
75 3 0 0 0 0 0 0 0 0
80 16 0 0 0 0 0 0 0 0
81 16 0 0 0 0 0 0 0 0
83 5 0 0 5 0 0 0 0 0
84 5 0 0 0 0 0 5 1 1
86 5 0 0 0 0 0 0 0 0
87 10 0 0 0 0 0 0 0 0
92 16 0 0 0 0 0 0 0 0
93 16 0 0 0 0 0 0 0 0
95 1 0 0 1 0 0 0 0 0
96 1 0 0 0 0 0 1 0 0
98 1 0 0 0 0 0 0 0 0
99 1 0 0 0 0 0 0 0 0
104 16 1 1 0 0 0 0 0 0
105 16 0 0 0 0 0 0 0 0
107 9 0 0 9 0 0 0 0 0
108 9 0 0 0 0 0 9 2 2
110 9 0 0 0 0 0 0 0 0
111 9 0 0 0 0 0 0 0 0
116 16 0 0 0 0 0 0 0 0
117 24 0 0 0 0 0 0 0 0
122 8 0 0 8 0 0 0 0 0
123 8 0 0 8 0 0 0 0 0
124 8 0 0 0 0 0 8 1 1
125 8 0 0 0 0 0 8 0 0
127 8 0 0 0 0 0 0 0 0
129 8 0 0 0 0 0 0 0 0
130 8 0 0 0 0 0 0 0 0
132 8 0 0 0 0 0 0 0 0
140 16 0 0 16 0 0 0 0 0
148 4 1 1 0 0 0 4 0 0
154 4 0 0 0 0 0 0 0 0
156 4 0 0 0 0 0 0 0 0
157 4 0 0 0 0 0 0 0 0
160 1 0 0 0 0 0 0 0 0
161 2 0 0 0 0 0 0 0 0
166 6 0 0 6 0 0 0 0 0
167 6 0 0 0 0 0 6 0 0
169 6 0 0 0 0 0 0 0 0
171 6 0 0 0 0 0 0 0 0
172 6 0 0 0 0 0 0 0 0
174 7 0 0 0 0 0 0 0 0
183 4 1 1 0 0 0 0 0 0
184 4 0 0 0 0 0 0 0 0
187 4 0 0 0 0 0 0 0 0
188 4 0 0 0 0 0 0 0 0
189 4 0 0 0 0 0 0 0 0
194 4 0 0 0 0 0 0 0 0
196 4 0 0 4 0 0 0 0 0
197 4 0 0 4 0 0 0 0 0
198 4 0 0 4 0 0 0 0 0
199 4 0 0 4 0 0 0 0 0
201 4 0 0 0 0 0 4 2 2
202 4 0 0 0 0 0 4 0 0
203 4 0 0 0 0 0 4 0 0
204 4 0 0 0 0 0 4 0 0
206 4 0 0 0 0 0 0 0 0
207 4 0 0 0 0 0 0 0 0
209 4 0 0 0 0 0 0 0 0
231 4 1 1 0 0 0 0 0 0
237 4 0 0 4 0 0 0 0 0
238 4 0 0 0 0 0 0 0 0
fn=mempcpy
61 6 1 1 0 0 0 0 0 0
65 6 0 0 0 0 0 0 0 0
68 6 0 0 0 0 0 0 0 0
69 6 0 0 0 0 0 0 0 0
71 2 0 0 2 1 1 0 0 0
72 2 0 0 0 0 0 2 1 1
74 2 0 0 0 0 0 0 0 0
75 2 0 0 0 0 0 0 0 0
80 6 0 0 0 0 0 0 0 0
81 6 0 0 0 0 0 0 0 0
83 4 0 0 4 0 0 0 0 0
84 4 0 0 0 0 0 4 0 0
86 4 0 0 0 0 0 0 0 0
87 4 0 0 0 0 0 0 0 0
92 6 0 0 0 0 0 0 0 0
93 6 0 0 0 0 0 0 0 0
95 1 0 0 1 0 0 0 0 0
96 1 0 0 0 0 0 1 0 0
98 1 0 0 0 0 0 0 0 0
99 1 0 0 0 0 0 0 0 0
104 6 1 1 0 0 0 0 0 0
105 6 0 0 0 0 0 0 0 0
116 6 0 0 0 0 0 0 0 0
117 10 0 0 0 0 0 0 0 0
122 4 0 0 4 1 0 0 0 0
123 4 0 0 4 0 0 0 0 0
124 4 0 0 0 0 0 4 1 1
125 4 0 0 0 0 0 4 1 1
127 4 0 0 0 0 0 0 0 0
129 4 0 0 0 0 0 0 0 0
130 4 0 0 0 0 0 0 0 0
132 4 0 0 0 0 0 0 0 0
138 6 1 1 0 0 0 0 0 0
142 6 0 0 6 0 0 0 0 0
154 1 0 0 0 0 0 0 0 0
156 1 0 0 0 0 0 0 0 0
157 1 0 0 0 0 0 0 0 0
183 1 1 1 0 0 0 0 0 0
184 1 0 0 0 0 0 0 0 0
187 1 0 0 0 0 0 0 0 0
188 1 0 0 0 0 0 0 0 0
189 1 0 0 0 0 0 0 0 0
194 1 0 0 0 0 0 0 0 0
196 1 0 0 1 0 0 0 0 0
197 1 0 0 1 0 0 0 0 0
198 1 0 0 1 0 0 0 0 0
199 1 0 0 1 0 0 0 0 0
201 1 0 0 0 0 0 1 1 1
202 1 0 0 0 0 0 1 0 0
203 1 0 0 0 0 0 1 0 0
204 1 0 0 0 0 0 1 0 0
206 1 0 0 0 0 0 0 0 0
207 1 0 0 0 0 0 0 0 0
209 1 0 0 0 0 0 0 0 0
231 1 1 1 0 0 0 0 0 0
233 1 0 0 0 0 0 0 0 0
fl=/usr/src/debug////////glibc-2.17-c758a686/string/../sysdeps/x86_64/memset.S
fn=__GI_memset
43 1 1 1 0 0 0 0 0 0
44 1 0 0 0 0 0 0 0 0
45 1 0 0 0 0 0 0 0 0
49 1 0 0 0 0 0 0 0 0
50 1 0 0 0 0 0 0 0 0
51 1 0 0 0 0 0 0 0 0
52 1 0 0 0 0 0 0 0 0
54 1 0 0 0 0 0 0 0 0
55 1 0 0 0 0 0 0 0 0
57 1 0 0 0 0 0 0 0 0
62 1 0 0 0 0 0 0 0 0
63 1 0 0 0 0 0 0 0 0
64 1 1 1 1 1 1 0 0 0
65 1 0 0 0 0 0 0 0 0
66 1 0 0 0 0 0 0 0 0
336 1 1 1 0 0 0 1 0 0
337 1 0 0 0 0 0 1 0 0
338 1 0 0 0 0 0 1 0 0
339 1 0 0 1 0 0 0 0 0
fn=memset
43 12 2 1 0 0 0 0 0 0
44 12 0 0 0 0 0 0 0 0
45 12 0 0 0 0 0 0 0 0
49 12 0 0 0 0 0 0 0 0
50 12 0 0 0 0 0 0 0 0
51 12 0 0 0 0 0 0 0 0
52 12 0 0 0 0 0 0 0 0
54 12 0 0 0 0 0 0 0 0
55 12 0 0 0 0 0 0 0 0
57 10 0 0 0 0 0 0 0 0
62 10 0 0 0 0 0 0 0 0
63 10 0 0 0 0 0 0 0 0
64 10 2 1 10 3 2 0 0 0
65 10 0 0 0 0 0 0 0 0
66 10 0 0 0 0 0 0 0 0
323 1 0 0 0 0 0 1 1 1
324 1 0 0 0 0 0 1 0 0
325 1 0 0 0 0 0 1 0 0
326 1 0 0 0 0 0 1 0 0
327 2 1 1 0 0 0 2 0 0
328 2 0 0 0 0 0 2 0 0
329 2 0 0 0 0 0 2 0 0
330 2 0 0 0 0 0 2 0 0
331 2 0 0 0 0 0 2 2 2
332 2 0 0 0 0 0 2 0 0
333 2 0 0 0 0 0 2 0 0
334 2 0 0 0 0 0 2 0 0
335 2 0 0 0 0 0 2 0 0
336 2 0 0 0 0 0 2 0 0
337 3 0 0 0 0 0 3 0 0
338 4 1 1 0 0 0 4 1 1
339 4 0 0 4 0 0 0 0 0
363 2 2 1 0 0 0 2 0 0
364 4 0 0 0 0 0 4 0 0
365 4 0 0 4 0 0 0 0 0
415 2 2 1 0 0 0 2 0 0
416 2 0 0 2 0 0 0 0 0
466 2 2 1 0 0 0 2 0 0
467 2 0 0 0 0 0 2 0 0
468 2 0 0 2 0 0 0 0 0
503 2 1 1 0 0 0 0 0 0
504 2 0 0 0 0 0 0 0 0
505 2 0 0 0 0 0 0 0 0
506 2 0 0 0 0 0 0 0 0
507 2 0 0 0 0 0 0 0 0
508 2 0 0 0 0 0 0 0 0
509 2 0 0 0 0 0 0 0 0
514 2 0 0 0 0 0 0 0 0
515 2 0 0 0 0 0 0 0 0
516 2 0 0 2 1 1 0 0 0
517 2 1 1 0 0 0 0 0 0
518 2 0 0 0 0 0 0 0 0
554 1 0 0 0 0 0 1 1 1
555 1 0 0 0 0 0 0 0 0
592 2 1 1 0 0 0 0 0 0
1213 2 0 0 0 0 0 0 0 0
1214 4 0 0 0 0 0 0 0 0
1218 2 0 0 0 0 0 0 0 0
1219 2 0 0 0 0 0 0 0 0
1220 4 0 0 0 0 0 0 0 0
1225 15 0 0 0 0 0 0 0 0
1227 15 0 0 0 0 0 15 1 1
1228 15 0 0 0 0 0 15 0 0
1229 15 0 0 0 0 0 15 0 0
1230 15 1 1 0 0 0 15 0 0
1231 15 0 0 0 0 0 15 15 15
1232 15 0 0 0 0 0 15 0 0
1233 15 0 0 0 0 0 15 0 0
1234 15 0 0 0 0 0 15 0 0
1235 15 0 0 0 0 0 15 0 0
1236 15 0 0 0 0 0 15 0 0
1237 15 0 0 0 0 0 15 0 0
1238 15 0 0 0 0 0 15 0 0
1239 15 0 0 0 0 0 15 15 15
1240 15 0 0 0 0 0 15 0 0
1241 15 0 0 0 0 0 15 0 0
1242 15 0 0 0 0 0 15 0 0
1244 15 0 0 0 0 0 0 0 0
1246 15 0 0 0 0 0 0 0 0
1249 2 0 0 0 0 0 0 0 0
1250 2 1 1 0 0 0 0 0 0
1256 2 0 0 0 0 0 0 0 0
1257 2 0 0 0 0 0 0 0 0
1258 2 0 0 2 1 1 0 0 0
1259 2 0 0 0 0 0 0 0 0
1260 2 0 0 0 0 0 0 0 0
fl=/usr/src/debug////////glibc-2.17-c758a686/string/../sysdeps/x86_64/multiarch/memcpy-ssse3-back.S
fn=__memcpy_ssse3_back
59 200 1 1 0 0 0 0 0 0
73 200 0 0 0 0 0 0 0 0
74 200 0 0 0 0 0 0 0 0
78 200 0 0 0 0 0 0 0 0
79 200 0 0 0 0 0 0 0 0
81 190 0 0 0 0 0 0 0 0
82 190 0 0 0 0 0 0 0 0
83 760 0 0 190 1 1 0 0 0
87 40 0 0 10 1 1 0 0 0
2253 190 1 1 190 0 0 0 0 0
2254 190 0 0 0 0 0 190 0 0
2255 190 0 0 190 0 0 0 0 0
2829 10 1 1 10 0 0 0 0 0
2830 10 0 0 0 0 0 10 0 0
2831 10 0 0 10 0 0 0 0 0
fl=/usr/src/debug////////glibc-2.17-c758a686/string/../sysdeps/x86_64/multiarch/memcpy.S
fn=memcpy@@GLIBC_2.14
32 1 1 1 1 0 0 0 0 0
33 1 0 0 0 0 0 0 0 0
35 1 0 0 0 0 0 0 0 0
36 1 0 0 1 0 0 0 0 0
37 1 0 0 0 0 0 0 0 0
38 1 0 0 0 0 0 0 0 0
39 1 1 1 1 0 0 0 0 0
40 1 0 0 0 0 0 0 0 0
41 1 0 0 0 0 0 0 0 0
42 1 0 0 1 0 0 0 0 0
fl=/usr/src/debug////////glibc-2.17-c758a686/string/../sysdeps/x86_64/multiarch/memset.S
fn=memset
27 1 1 1 1 0 0 0 0 0
28 1 0 0 0 0 0 0 0 0
30 1 0 0 0 0 0 0 0 0
31 1 0 0 1 0 0 0 0 0
32 1 0 0 0 0 0 0 0 0
33 1 0 0 0 0 0 0 0 0
34 1 0 0 1 0 0 0 0 0
fl=/usr/src/debug////////glibc-2.17-c758a686/string/../sysdeps/x86_64/multiarch/strcmp.S
fn=strcasecmp
105 1 1 1 1 1 1 0 0 0
106 1 0 0 0 0 0 0 0 0
107 1 0 0 0 0 0 1 0 0
110 1 1 1 0 0 0 0 0 0
111 1 0 0 1 0 0 0 0 0
112 1 0 0 0 0 0 0 0 0
114 1 0 0 0 0 0 0 0 0
115 1 0 0 1 0 0 0 0 0
116 1 0 0 0 0 0 0 0 0
121 1 0 0 1 0 0 0 0 0
fn=strncasecmp
129 1 1 1 1 0 0 0 0 0
130 1 0 0 0 0 0 0 0 0
134 1 0 0 0 0 0 0 0 0
135 1 0 0 1 0 0 0 0 0
136 1 0 0 0 0 0 0 0 0
138 1 0 0 0 0 0 0 0 0
139 1 0 0 1 0 0 0 0 0
140 1 0 0 0 0 0 0 0 0
145 1 1 1 1 0 0 0 0 0
fl=/usr/src/debug////////glibc-2.17-c758a686/string/../sysdeps/x86_64/multiarch/strlen-sse2-pminub.S
fn=__strlen_sse2_pminub
32 645 1 1 0 0 0 0 0 0
33 645 0 0 0 0 0 0 0 0
34 645 0 0 0 0 0 0 0 0
35 645 0 0 0 0 0 0 0 0
36 645 0 0 0 0 0 0 0 0
37 645 0 0 0 0 0 0 0 0
38 545 0 0 545 1 0 0 0 0
39 545 0 0 0 0 0 0 0 0
40 545 0 0 0 0 0 0 0 0
41 545 0 0 0 0 0 0 0 0
42 545 0 0 0 0 0 0 0 0
43 90 0 0 0 0 0 0 0 0
44 90 0 0 0 0 0 0 0 0
45 90 0 0 0 0 0 0 0 0
47 100 0 0 0 0 0 0 0 0
48 100 0 0 0 0 0 0 0 0
49 100 0 0 100 1 1 0 0 0
50 100 0 0 0 0 0 0 0 0
51 100 1 1 0 0 0 0 0 0
52 100 0 0 0 0 0 0 0 0
53 100 0 0 0 0 0 0 0 0
54 100 0 0 0 0 0 0 0 0
55 100 0 0 0 0 0 0 0 0
57 190 0 0 0 0 0 0 0 0
58 190 0 0 0 0 0 0 0 0
59 190 0 0 0 0 0 0 0 0
60 190 0 0 0 0 0 0 0 0
61 190 0 0 190 0 0 0 0 0
62 190 0 0 0 0 0 0 0 0
63 190 0 0 0 0 0 0 0 0
64 190 0 0 0 0 0 0 0 0
224 455 1 1 0 0 0 0 0 0
225 455 0 0 0 0 0 0 0 0
226 455 0 0 455 0 0 0 0 0
229 190 1 1 0 0 0 0 0 0
230 190 0 0 0 0 0 0 0 0
231 190 0 0 0 0 0 0 0 0
232 190 0 0 0 0 0 0 0 0
233 190 0 0 190 0 0 0 0 0
fl=/usr/src/debug////////glibc-2.17-c758a686/string/../sysdeps/x86_64/multiarch/strlen.S
fn=strlen
32 1 1 1 1 1 0 0 0 0
33 1 0 0 0 0 0 0 0 0
35 1 1 1 0 0 0 0 0 0
36 1 0 0 1 1 0 0 0 0
37 1 0 0 0 0 0 0 0 0
43 1 0 0 1 0 0 0 0 0
44 1 0 0 0 0 0 0 0 0
46 1 0 0 1 0 0 0 0 0
fl=/usr/src/debug////////glibc-2.17-c758a686/string/../sysdeps/x86_64/multiarch/strnlen.S
fn=strnlen
30 1 1 1 1 0 0 0 0 0
31 1 0 0 0 0 0 0 0 0
33 1 0 0 0 0 0 0 0 0
34 1 0 0 1 0 0 0 0 0
35 1 1 1 0 0 0 0 0 0
37 1 0 0 1 0 0 0 0 0
fl=/usr/src/debug////////glibc-2.17-c758a686/string/../sysdeps/x86_64/rtld-strlen.S
fn=strlen
28 14 1 1 0 0 0 0 0 0
29 14 0 0 0 0 0 0 0 0
30 14 0 0 0 0 0 0 0 0
31 14 0 0 0 0 0 0 0 0
33 9 0 0 0 0 0 0 0 0
34 9 0 0 0 0 0 0 0 0
36 33 0 0 33 0 0 0 0 0
37 33 0 0 0 0 0 0 0 0
38 32 0 0 0 0 0 0 0 0
39 32 0 0 0 0 0 0 0 0
40 32 0 0 0 0 0 0 0 0
42 26 1 1 0 0 0 0 0 0
47 17 0 0 17 1 1 0 0 0
48 17 0 0 0 0 0 0 0 0
49 17 0 0 0 0 0 0 0 0
50 17 0 0 0 0 0 0 0 0
53 17 0 0 0 0 0 0 0 0
54 16 0 0 0 0 0 0 0 0
55 16 0 0 0 0 0 0 0 0
56 16 0 0 0 0 0 0 0 0
58 16 0 0 0 0 0 0 0 0
61 12 0 0 12 0 0 0 0 0
62 12 0 0 0 0 0 0 0 0
63 12 0 0 0 0 0 0 0 0
64 12 0 0 0 0 0 0 0 0
67 12 0 0 0 0 0 0 0 0
68 12 0 0 0 0 0 0 0 0
69 12 0 0 0 0 0 0 0 0
70 12 1 1 0 0 0 0 0 0
72 12 0 0 0 0 0 0 0 0
75 10 0 0 10 0 0 0 0 0
76 10 0 0 0 0 0 0 0 0
77 10 0 0 0 0 0 0 0 0
78 10 0 0 0 0 0 0 0 0
81 10 0 0 0 0 0 0 0 0
82 5 0 0 0 0 0 0 0 0
83 5 0 0 0 0 0 0 0 0
84 5 0 0 0 0 0 0 0 0
86 5 0 0 0 0 0 0 0 0
89 4 0 0 4 0 0 0 0 0
90 4 0 0 0 0 0 0 0 0
91 4 0 0 0 0 0 0 0 0
92 4 0 0 0 0 0 0 0 0
95 4 0 0 0 0 0 0 0 0
96 4 0 0 0 0 0 0 0 0
97 4 0 0 0 0 0 0 0 0
98 4 0 0 0 0 0 0 0 0
100 4 0 0 0 0 0 0 0 0
103 13 1 1 0 0 0 0 0 0
105 13 0 0 0 0 0 0 0 0
106 13 0 0 0 0 0 0 0 0
107 11 0 0 0 0 0 0 0 0
109 11 0 0 0 0 0 0 0 0
110 11 0 0 0 0 0 0 0 0
111 7 0 0 0 0 0 0 0 0
113 7 0 0 0 0 0 0 0 0
114 7 0 0 0 0 0 0 0 0
115 7 0 0 0 0 0 0 0 0
117 7 0 0 0 0 0 0 0 0
118 7 0 0 0 0 0 0 0 0
119 4 0 0 0 0 0 0 0 0
121 4 0 0 0 0 0 0 0 0
123 4 0 0 0 0 0 0 0 0
124 4 0 0 0 0 0 0 0 0
125 3 0 0 0 0 0 0 0 0
127 3 0 0 0 0 0 0 0 0
128 3 0 0 0 0 0 0 0 0
129 2 0 0 0 0 0 0 0 0
131 2 0 0 0 0 0 0 0 0
132 2 0 0 0 0 0 0 0 0
135 14 1 1 0 0 0 0 0 0
136 14 0 0 14 0 0 0 0 0
fl=/usr/src/debug////////glibc-2.17-c758a686/string/../sysdeps/x86_64/strchr.S
fn=index
25 9 1 1 0 0 0 0 0 0
26 9 0 0 0 0 0 0 0 0
27 9 0 0 0 0 0 0 0 0
28 9 0 0 0 0 0 0 0 0
29 9 1 1 0 0 0 0 0 0
30 9 0 0 0 0 0 0 0 0
31 9 0 0 0 0 0 0 0 0
32 9 0 0 9 3 3 0 0 0
33 9 0 0 0 0 0 0 0 0
34 9 0 0 0 0 0 0 0 0
35 9 0 0 0 0 0 0 0 0
36 9 0 0 0 0 0 0 0 0
37 9 0 0 0 0 0 0 0 0
38 9 0 0 0 0 0 0 0 0
39 9 0 0 0 0 0 0 0 0
40 9 0 0 0 0 0 0 0 0
41 9 0 0 0 0 0 0 0 0
42 9 0 0 0 0 0 0 0 0
43 9 0 0 0 0 0 0 0 0
44 9 0 0 0 0 0 0 0 0
45 9 0 0 0 0 0 0 0 0
47 10 0 0 10 0 0 0 0 0
48 10 0 0 0 0 0 0 0 0
49 10 0 0 0 0 0 0 0 0
50 10 0 0 0 0 0 0 0 0
51 10 0 0 0 0 0 0 0 0
52 10 0 0 0 0 0 0 0 0
53 10 0 0 0 0 0 0 0 0
54 10 0 0 0 0 0 0 0 0
55 10 0 0 0 0 0 0 0 0
57 9 0 0 0 0 0 0 0 0
58 9 0 0 0 0 0 0 0 0
59 2 0 0 0 0 0 0 0 0
60 2 0 0 0 0 0 0 0 0
61 2 0 0 0 0 0 0 0 0
62 2 0 0 0 0 0 0 0 0
63 8 0 0 0 0 0 0 0 0
64 9 0 0 9 0 0 0 0 0
fl=/usr/src/debug////////glibc-2.17-c758a686/string/../sysdeps/x86_64/strchrnul.S
fn=strchrnul
26 542 1 1 0 0 0 0 0 0
27 542 0 0 0 0 0 0 0 0
28 542 0 0 0 0 0 0 0 0
29 542 0 0 0 0 0 0 0 0
30 542 1 1 0 0 0 0 0 0
31 542 0 0 0 0 0 0 0 0
32 542 0 0 0 0 0 0 0 0
33 542 0 0 542 4 3 0 0 0
34 542 0 0 0 0 0 0 0 0
35 542 0 0 0 0 0 0 0 0
36 542 0 0 0 0 0 0 0 0
37 542 0 0 0 0 0 0 0 0
38 542 0 0 0 0 0 0 0 0
39 542 0 0 0 0 0 0 0 0
40 542 0 0 0 0 0 0 0 0
41 542 0 0 0 0 0 0 0 0
42 542 0 0 0 0 0 0 0 0
43 542 0 0 0 0 0 0 0 0
44 542 0 0 0 0 0 0 0 0
45 542 0 0 0 0 0 0 0 0
47 12 0 0 12 2 2 0 0 0
48 12 0 0 0 0 0 0 0 0
49 12 0 0 0 0 0 0 0 0
50 12 0 0 0 0 0 0 0 0
51 12 0 0 0 0 0 0 0 0
52 12 0 0 0 0 0 0 0 0
53 12 0 0 0 0 0 0 0 0
54 12 0 0 0 0 0 0 0 0
55 12 0 0 0 0 0 0 0 0
57 542 1 1 0 0 0 0 0 0
58 542 0 0 0 0 0 0 0 0
59 542 0 0 542 0 0 0 0 0
fl=/usr/src/debug////////glibc-2.17-c758a686/string/../sysdeps/x86_64/strcmp.S
fn=strcmp
134 2269 1 1 2269 38 17 0 0 0
135 2269 0 0 2269 22 6 0 0 0
136 2269 0 0 0 0 0 0 0 0
137 2007 0 0 0 0 0 0 0 0
138 2007 0 0 0 0 0 0 0 0
139 2007 0 0 0 0 0 0 0 0
140 2007 0 0 0 0 0 0 0 0
142 160 0 0 0 0 0 0 0 0
143 160 0 0 160 0 0 0 0 0
145 262 0 0 0 0 0 0 0 0
146 262 0 0 0 0 0 0 0 0
147 262 0 0 0 0 0 0 0 0
148 262 0 0 262 0 0 0 0 0
fl=/usr/src/debug////////glibc-2.17-c758a686/string/../sysdeps/x86_64/strlen.S
fn=__GI_strlen
25 1 1 1 0 0 0 0 0 0
26 1 0 0 0 0 0 0 0 0
27 1 0 0 0 0 0 0 0 0
28 1 0 0 0 0 0 0 0 0
29 1 0 0 0 0 0 0 0 0
30 1 0 0 0 0 0 0 0 0
31 1 0 0 1 0 0 0 0 0
32 1 0 0 0 0 0 0 0 0
33 1 0 0 0 0 0 0 0 0
34 1 0 0 0 0 0 0 0 0
35 1 0 0 0 0 0 0 0 0
79 1 1 1 0 0 0 0 0 0
80 1 0 0 0 0 0 0 0 0
81 1 0 0 1 0 0 0 0 0
fl=/usr/src/debug////////glibc-2.17-c758a686/string/../sysdeps/x86_64/strrchr.S
fn=__GI_strrchr
25 1 1 1 0 0 0 0 0 0
26 1 0 0 0 0 0 0 0 0
27 1 0 0 0 0 0 0 0 0
28 1 0 0 0 0 0 0 0 0
29 1 0 0 0 0 0 0 0 0
30 1 0 0 0 0 0 0 0 0
31 1 0 0 0 0 0 0 0 0
32 1 0 0 1 1 0 0 0 0
33 1 0 0 0 0 0 0 0 0
34 1 0 0 0 0 0 0 0 0
35 1 0 0 0 0 0 0 0 0
36 1 0 0 0 0 0 0 0 0
37 1 1 1 0 0 0 0 0 0
38 1 0 0 0 0 0 0 0 0
39 1 0 0 0 0 0 0 0 0
40 1 0 0 0 0 0 0 0 0
41 1 0 0 0 0 0 0 0 0
42 1 0 0 0 0 0 0 0 0
43 1 0 0 0 0 0 0 0 0
44 1 0 0 0 0 0 0 0 0
45 1 0 0 0 0 0 0 0 0
46 1 0 0 0 0 0 0 0 0
47 1 0 0 0 0 0 0 0 0
49 1 0 0 1 0 0 0 0 0
50 1 0 0 0 0 0 0 0 0
51 1 0 0 0 0 0 0 0 0
52 1 0 0 0 0 0 0 0 0
53 1 0 0 0 0 0 0 0 0
54 1 0 0 0 0 0 0 0 0
55 1 0 0 0 0 0 0 0 0
56 1 0 0 0 0 0 0 0 0
57 1 0 0 0 0 0 0 0 0
58 1 0 0 0 0 0 0 0 0
60 2 1 1 0 0 0 0 0 0
61 2 0 0 0 0 0 0 0 0
62 2 0 0 0 0 0 0 0 0
63 2 0 0 0 0 0 0 0 0
65 1 0 0 0 0 0 0 0 0
66 1 0 0 0 0 0 0 0 0
67 1 0 0 0 0 0 0 0 0
68 1 0 0 0 0 0 0 0 0
70 1 0 0 0 0 0 0 0 0
71 1 0 0 0 0 0 0 0 0
72 1 0 0 0 0 0 0 0 0
73 1 0 0 0 0 0 0 0 0
74 1 0 0 0 0 0 0 0 0
76 1 0 0 1 0 0 0 0 0
fl=/usr/src/debug/glibc-2.17-c758a686/csu/../csu/init-first.c
fn=_init
52 8 1 1 0 0 0 4 0 0
58 7 1 1 2 1 0 1 1 1
67 5 1 1 4 1 0 0 0 0
73 1 0 0 0 0 0 1 0 0
74 1 0 0 0 0 0 1 0 0
75 2 0 0 1 1 0 1 1 1
89 4 0 0 0 0 0 1 0 0
97 1 0 0 0 0 0 1 0 0
102 6 0 0 5 0 0 0 0 0
fl=/usr/src/debug/glibc-2.17-c758a686/csu/../sysdeps/unix/sysv/linux/x86_64/init-first.c
fn=_init
38 5 0 0 0 0 0 4 0 0
40 4 2 2 0 0 0 1 0 0
41 2 0 0 0 0 0 0 0 0
42 2 0 0 0 0 0 0 0 0
43 2 0 0 1 0 0 0 0 0
44 1 0 0 0 0 0 1 1 0
46 3 0 0 0 0 0 1 0 0
50 3 0 0 0 0 0 0 0 0
51 2 0 0 1 0 0 0 0 0
52 1 0 0 0 0 0 1 0 0
fl=/usr/src/debug/glibc-2.17-c758a686/csu/../sysdeps/x86_64/multiarch/init-arch.c
fn=__init_cpu_features
31 14 1 1 0 0 0 8 0 0
37 6 0 0 0 0 0 0 0 0
38 6 1 1 0 0 0 0 0 0
44 2 0 0 0 0 0 2 0 0
52 6 3 3 0 0 0 2 0 0
55 12 0 0 0 0 0 0 0 0
57 2 0 0 0 0 0 0 0 0
64 8 2 2 2 1 1 2 0 0
68 6 0 0 0 0 0 0 0 0
69 4 0 0 0 0 0 0 0 0
74 4 0 0 0 0 0 0 0 0
77 16 2 2 0 0 0 0 0 0
111 6 2 2 0 0 0 2 0 0
115 2 0 0 0 0 0 0 0 0
147 4 1 1 0 0 0 0 0 0
168 2 1 1 0 0 0 2 0 0
169 2 0 0 0 0 0 2 0 0
171 2 0 0 0 0 0 2 0 0
172 4 0 0 4 0 0 0 0 0
fl=/usr/src/debug/glibc-2.17-c758a686/csu/libc-start.c
fn=(below main)
134 10 1 1 0 0 0 8 0 0
144 9 0 0 2 0 0 1 0 0
206 2 1 1 0 0 0 0 0 0
207 4 0 0 0 0 0 1 0 0
229 6 0 0 2 0 0 0 0 0
232 2 0 0 0 0 0 0 0 0
233 5 1 1 4 0 0 1 0 0
237 4 0 0 2 0 0 0 0 0
252 2 0 0 0 0 0 0 0 0
261 2 0 0 0 0 0 1 0 0
262 2 0 0 0 0 0 0 0 0
267 2 0 0 1 1 0 1 0 0
268 2 1 1 1 1 0 1 0 0
271 2 0 0 0 0 0 1 0 0
274 6 0 0 5 0 0 1 0 0
fl=/usr/src/debug/glibc-2.17-c758a686/ctype/ctype-info.c
fn=__ctype_init
32 7 1 1 5 2 0 1 0 0
34 4 0 0 2 1 0 1 0 0
36 5 1 1 3 1 0 1 0 0
fl=/usr/src/debug/glibc-2.17-c758a686/dlfcn/dlerror.c
fn=check_free
187 3 1 1 0 0 0 1 0 0
188 3 0 0 1 1 0 0 0 0
203 3 0 0 2 0 0 0 0 0
fn=fini
210 2 1 1 0 0 0 0 0 0
fl=/usr/src/debug/glibc-2.17-c758a686/dlfcn/dlfcn.c
fn=init
29 1 1 1 0 0 0 1 1 0
30 2 0 0 1 0 0 1 0 0
fl=/usr/src/debug/glibc-2.17-c758a686/elf/../elf/dl-runtime.c
fn=_dl_fixup
68 85 1 1 0 0 0 51 0 0
70 17 0 0 17 0 0 0 0 0
71 34 0 0 34 2 0 0 0 0
74 85 0 0 34 5 0 0 0 0
75 85 1 1 34 10 0 17 0 0
76 51 0 0 34 1 0 0 0 0
85 34 0 0 17 12 8 0 0 0
87 2 0 0 0 0 0 0 0 0
89 51 0 0 17 3 0 0 0 0
93 32 0 0 32 5 0 0 0 0
94 64 1 1 16 2 0 0 0 0
96 64 0 0 16 3 0 0 0 0
102 17 0 0 0 0 0 0 0 0
103 51 0 0 17 0 0 0 0 0
110 34 1 1 17 2 0 17 0 0
113 170 0 0 34 3 0 51 0 0
117 51 1 1 17 0 0 0 0 0
121 68 0 0 17 0 0 17 0 0
127 102 0 0 34 0 0 0 0 0
135 17 0 0 17 0 0 0 0 0
143 68 1 1 17 0 0 0 0 0
147 51 0 0 17 1 0 0 0 0
151 85 0 0 68 0 0 0 0 0
fl=/usr/src/debug/glibc-2.17-c758a686/elf/../elf/dl-sysdep.c
fn=_dl_sysdep_start
86 8 2 2 0 0 0 7 1 1
87 2 0 0 0 0 0 0 0 0
88 1 0 0 0 0 0 0 0 0
110 1 0 0 0 0 0 1 0 0
111 180 0 0 58 7 7 4 3 3
114 2 1 1 0 0 0 1 0 0
115 1 0 0 0 0 0 1 1 1
117 90 2 2 23 5 5 10 0 0
118 111 1 1 21 2 2 0 0 0
121 1 0 0 1 0 0 0 0 0
122 1 0 0 0 0 0 0 0 0
124 1 1 1 1 0 0 0 0 0
125 1 0 0 0 0 0 0 0 0
127 1 1 1 1 0 0 0 0 0
128 1 0 0 0 0 0 0 0 0
130 1 0 0 1 0 0 0 0 0
131 1 0 0 0 0 0 0 0 0
151 1 1 1 1 0 0 0 0 0
152 1 0 0 0 0 0 0 0 0
154 1 0 0 1 0 0 0 0 0
155 1 0 0 0 0 0 0 0 0
157 1 1 1 1 0 0 0 0 0
158 1 0 0 0 0 0 0 0 0
163 1 0 0 1 0 0 0 0 0
164 1 0 0 0 0 0 0 0 0
179 1 0 0 1 0 0 0 0 0
180 1 0 0 0 0 0 0 0 0
227 3 0 0 0 0 0 2 0 0
229 5 1 1 0 0 0 1 0 0
241 3 0 0 1 0 0 0 0 0
244 6 0 0 2 0 0 1 0 0
245 1 1 0 1 0 0 0 0 0
246 8 0 0 7 1 0 0 0 0
fn=_dl_sysdep_start_cleanup
251 1 1 1 1 0 0 0 0 0
fl=/usr/src/debug/glibc-2.17-c758a686/elf/../misc/sbrk.c
fn=sbrk
34 4 1 1 0 0 0 2 0 0
42 6 0 0 2 0 0 0 0 0
46 2 0 0 0 0 0 0 0 0
57 5 1 1 3 0 0 0 0 0
fl=/usr/src/debug/glibc-2.17-c758a686/elf/../sysdeps/unix/sysv/linux/dl-osinfo.h
fn=dl_main
86 2 0 0 1 0 0 0 0 0
112 1 0 0 1 0 0 0 0 0
fl=/usr/src/debug/glibc-2.17-c758a686/elf/../sysdeps/unix/sysv/linux/dl-sysdep.c
fn=_dl_discover_osversion
45 7 1 1 0 0 0 6 0 0
47 3 1 1 1 0 0 0 0 0
87 5 1 1 0 0 0 1 1 1
102 1 0 0 0 0 0 0 0 0
106 1 0 0 0 0 0 0 0 0
107 1 0 0 0 0 0 0 0 0
109 12 0 0 3 1 1 0 0 0
111 6 0 0 0 0 0 0 0 0
113 17 0 0 4 0 0 0 0 0
115 1 0 0 0 0 0 0 0 0
116 2 0 0 0 0 0 0 0 0
119 3 0 0 0 0 0 0 0 0
120 3 1 1 0 0 0 0 0 0
121 3 0 0 0 0 0 0 0 0
123 13 0 0 0 0 0 0 0 0
128 2 0 0 0 0 0 0 0 0
132 8 1 1 7 0 0 0 0 0
fn=_dl_sysdep_start
35 2 0 0 0 0 0 1 0 0
fl=/usr/src/debug/glibc-2.17-c758a686/elf/../sysdeps/unix/sysv/linux/dl-vdso.c
fn=_dl_vdso_vsym
26 5 0 0 0 0 0 0 0 0
27 10 2 2 10 3 0 0 0 0
28 10 1 1 5 0 0 0 0 0
31 10 0 0 0 0 0 0 0 0
fl=/usr/src/debug/glibc-2.17-c758a686/elf/../sysdeps/unix/sysv/linux/x86_64/brk.c
fn=brk
28 1 0 0 0 0 0 0 0 0
31 7 2 2 0 0 0 1 1 1
33 2 0 0 0 0 0 0 0 0
39 1 0 0 0 0 0 0 0 0
40 1 0 0 1 0 0 0 0 0
fl=/usr/src/debug/glibc-2.17-c758a686/elf/../sysdeps/x86_64/dl-irel.h
fn=_dl_fixup
32 9 1 1 0 0 0 3 0 0
fl=/usr/src/debug/glibc-2.17-c758a686/elf/../sysdeps/x86_64/dl-machine.h
fn=_dl_fixup
210 17 0 0 0 0 0 17 0 0
fn=_dl_relocate_object
71 20 0 0 5 0 0 0 0 0
77 6 0 0 6 3 0 0 0 0
81 9 0 0 3 3 2 0 0 0
87 3 0 0 0 0 0 3 0 0
95 9 0 0 3 0 0 0 0 0
108 6 0 0 0 0 0 3 0 0
111 12 0 0 3 3 0 0 0 0
244 240 0 0 0 0 0 0 0 0
265 240 0 0 0 0 0 0 0 0
269 240 0 0 0 0 0 0 0 0
276 4318 14 14 880 99 85 765 2 0
278 555 1 1 228 2 0 0 0 0
281 456 0 0 114 0 0 0 0 0
287 840 1 1 120 3 3 0 0 0
305 2 0 0 0 0 0 0 0 0
306 3 1 1 1 0 0 1 1 1
367 30 1 1 10 0 0 0 0 0
371 50 0 0 10 1 0 0 0 0
376 50 1 1 20 1 1 10 7 7
395 221 1 1 108 14 13 108 15 11
402 20 0 0 0 0 0 12 0 0
431 3 1 1 1 0 0 0 0 0
435 6 0 0 3 1 1 1 0 0
437 3 0 0 2 0 0 0 0 0
438 1 1 1 0 0 0 0 0 0
448 14 0 0 14 0 0 0 0 0
449 7 0 0 0 0 0 7 0 0
450 14 0 0 0 0 0 7 0 0
475 3594 0 0 2396 451 450 0 0 0
485 88 0 0 44 0 0 0 0 0
489 88 0 0 0 0 0 0 0 0
491 132 0 0 44 1 0 0 0 0
492 44 0 0 44 5 4 0 0 0
fn=_dl_start
58 3 0 0 1 1 1 0 0 0
241 8 0 0 0 0 0 0 0 0
269 16 0 0 0 0 0 0 0 0
278 32 0 0 16 2 2 0 0 0
281 32 0 0 8 4 4 0 0 0
287 49 0 0 8 2 2 0 0 0
376 8 1 1 8 1 1 0 0 0
385 8 0 0 0 0 0 8 1 1
475 44 1 1 22 5 5 11 3 3
fn=_dl_sysdep_start
200 5 0 0 2 1 1 0 0 0
fl=/usr/src/debug/glibc-2.17-c758a686/elf/dl-addr.c
fn=_dl_addr
30 2 1 1 1 0 0 1 0 0
31 1 0 0 0 0 0 1 0 0
34 2 0 0 1 0 0 0 0 0
38 1 0 0 1 0 0 0 0 0
39 1 0 0 1 0 0 0 0 0
40 3 1 1 2 0 0 1 0 0
42 2 0 0 2 0 0 0 0 0
45 2 0 0 1 1 0 0 0 0
50 2029 0 0 2 0 0 0 0 0
52 1011 0 0 1011 62 20 0 0 0
53 2022 0 0 0 0 0 0 0 0
55 4924 1 1 905 0 0 0 0 0
61 11045 0 0 2209 472 423 0 0 0
63 8836 0 0 2209 0 0 0 0 0
64 16189 1 1 5070 353 317 0 0 0
69 2209 0 0 0 0 0 0 0 0
71 7638 1 1 2209 133 79 0 0 0
99 3 0 0 1 1 0 0 0 0
100 1 0 0 0 0 0 1 1 0
101 3 0 0 1 0 0 0 0 0
104 2 0 0 0 0 0 0 0 0
116 1 1 1 0 0 0 1 1 0
117 1 0 0 0 0 0 1 0 0
126 11 2 2 0 0 0 8 0 0
131 3 0 0 2 0 0 1 0 0
134 6 0 0 2 0 0 0 0 0
135 13 2 2 4 0 0 0 0 0
136 20 0 0 8 0 0 0 0 0
137 2 0 0 1 0 0 0 0 0
140 2 0 0 0 0 0 0 0 0
145 3 1 1 2 2 0 1 1 0
148 9 0 0 7 0 0 0 0 0
fl=/usr/src/debug/glibc-2.17-c758a686/elf/dl-cache.c
fn=_dl_cache_libcmp
139 48 1 1 32 11 11 0 0 0
140 162 0 0 0 0 0 0 0 0
142 237 0 0 0 0 0 0 0 0
144 83 0 0 0 0 0 0 0 0
150 6 0 0 0 0 0 0 0 0
151 4 1 1 0 0 0 0 0 0
152 8 0 0 2 0 0 0 0 0
154 10 0 0 2 0 0 0 0 0
156 4 0 0 0 0 0 0 0 0
162 154 1 1 0 0 0 0 0 0
164 280 0 0 126 0 0 0 0 0
165 14 0 0 0 0 0 0 0 0
168 63 0 0 0 0 0 0 0 0
169 63 0 0 0 0 0 0 0 0
172 4 0 0 0 0 0 0 0 0
173 32 0 0 16 0 0 0 0 0
fn=_dl_load_cache_lookup
182 16 2 2 0 0 0 12 0 0
190 4 0 0 2 0 0 0 0 0
193 6 0 0 2 0 0 0 0 0
196 5 1 1 0 0 0 1 0 0
204 5 0 0 1 0 0 0 0 0
205 6 1 1 0 0 0 1 0 0
209 1 0 0 0 0 0 1 0 0
212 4 0 0 1 0 0 0 0 0
215 2 0 0 0 0 0 1 0 0
216 3 0 0 0 0 0 0 0 0
217 5 1 1 0 0 0 1 0 0
219 2 0 0 0 0 0 0 0 0
238 6 0 0 3 0 0 0 0 0
244 4 1 1 0 0 0 0 0 0
252 10 0 0 4 0 0 2 0 0
259 12 0 0 6 0 0 4 0 0
260 10 1 1 6 0 0 2 0 0
272 374 7 7 52 10 10 18 0 0
288 4 0 0 2 0 0 0 0 0
293 18 1 1 14 0 0 0 0 0
fn=_dl_unload_cache
302 1 0 0 0 0 0 0 0 0
303 4 1 1 1 1 0 0 0 0
305 2 0 0 1 1 0 1 0 0
306 1 0 0 0 0 0 1 0 0
308 2 0 0 1 0 0 0 0 0
fl=/usr/src/debug/glibc-2.17-c758a686/elf/dl-debug.c
fn=_dl_debug_initialize
51 10 1 1 0 0 0 0 0 0
52 5 1 1 5 0 0 0 0 0
56 18 0 0 5 2 1 0 0 0
59 1 0 0 0 0 0 1 0 0
60 2 0 0 0 0 0 1 0 0
61 6 0 0 2 0 0 1 0 0
62 2 0 0 0 0 0 1 0 0
fn=_dl_debug_state
75 2 0 0 2 0 0 0 0 0
fl=/usr/src/debug/glibc-2.17-c758a686/elf/dl-deps.c
fn=_dl_map_object_deps
147 11 2 2 0 0 0 9 0 0
148 9 0 0 0 0 0 1 0 0
162 6 0 0 0 0 0 2 0 0
163 2 1 1 0 0 0 2 0 0
164 10 0 0 0 0 0 3 0 0
166 1 0 0 0 0 0 0 0 0
170 8 1 1 2 0 0 2 0 0
180 8 0 0 1 0 0 0 0 0
181 1 0 0 1 0 0 0 0 0
184 3 0 0 0 0 0 2 0 0
190 1 0 0 0 0 0 1 0 0
191 1 0 0 0 0 0 1 0 0
203 2 1 1 1 0 0 1 0 0
204 1 0 0 0 0 0 0 0 0
205 1 0 0 0 0 0 1 0 0
206 2 1 1 0 0 0 2 0 0
211 5 0 0 0 0 0 0 0 0
212 5 0 0 0 0 0 0 0 0
215 5 0 0 0 0 0 5 0 0
219 20 2 2 10 1 1 0 0 0
220 22 0 0 9 0 0 0 0 0
222 3 0 0 0 0 0 0 0 0
224 9 1 1 6 0 0 0 0 0
226 26 1 1 2 0 0 4 0 0
231 18 0 0 9 0 0 0 0 0
233 9 0 0 6 0 0 3 0 0
238 3 0 0 0 0 0 3 0 0
239 3 0 0 0 0 0 3 0 0
240 6 0 0 3 0 0 3 0 0
241 6 0 0 3 0 0 3 0 0
244 333 1 1 87 0 0 3 0 0
245 156 1 1 0 0 0 0 0 0
251 35 0 0 10 0 0 5 0 0
253 5 0 0 0 0 0 5 0 0
256 30 1 1 20 0 0 5 0 0
258 15 0 0 5 0 0 0 0 0
273 5 0 0 5 0 0 0 0 0
275 10 0 0 5 0 0 0 0 0
280 9 0 0 0 0 0 0 0 0
283 3 0 0 0 0 0 3 0 0
284 3 0 0 0 0 0 3 0 0
285 3 0 0 0 0 0 3 0 0
286 6 0 0 3 0 0 3 0 0
288 12 1 1 3 0 0 3 0 0
290 15 1 1 3 0 0 6 0 0
294 10 0 0 0 0 0 0 0 0
295 9 0 0 0 0 0 3 0 0
297 219 1 1 0 0 0 0 0 0
347 9 0 0 0 0 0 4 0 0
475 10 0 0 0 0 0 0 0 0
477 9 0 0 0 0 0 3 0 0
479 6 0 0 0 0 0 3 0 0
480 6 1 1 0 0 0 0 0 0
481 6 0 0 0 0 0 0 0 0
484 3 0 0 0 0 0 3 0 0
485 18 0 0 0 0 0 3 0 0
486 15 0 0 0 0 0 3 0 0
489 3 0 0 0 0 0 3 0 0
490 3 0 0 3 0 0 0 0 0
494 20 1 1 10 0 0 0 0 0
496 5 0 0 5 0 0 0 0 0
497 22 1 1 4 0 0 0 0 0
501 6 0 0 2 0 0 0 0 0
502 2 0 0 1 0 0 1 0 0
505 6 1 1 2 0 0 1 0 0
515 2 0 0 0 0 0 1 0 0
516 3 0 0 1 0 0 0 0 0
518 2 1 1 0 0 0 0 0 0
523 9 0 0 3 0 0 1 0 0
524 1 0 0 0 0 0 1 0 0
526 29 1 1 11 0 0 1 0 0
532 15 0 0 5 0 0 5 2 2
536 10 0 0 10 0 0 0 0 0
539 2 0 0 1 0 0 0 0 0
592 4 1 1 2 0 0 0 0 0
628 9 2 2 3 0 0 2 0 0
630 3 0 0 0 0 0 0 0 0
634 19 1 1 8 0 0 3 0 0
635 8 1 1 0 0 0 2 0 0
636 3 1 1 1 0 0 1 0 0
640 4 0 0 4 0 0 0 0 0
641 8 0 0 4 0 0 0 0 0
647 27 0 0 4 0 0 0 0 0
649 24 1 1 12 0 0 0 0 0
650 15 0 0 0 0 0 0 0 0
652 30 0 0 10 0 0 0 0 0
653 21 0 0 0 0 0 0 0 0
663 2 1 1 2 0 0 0 0 0
675 6 0 0 0 0 0 0 0 0
678 12 0 0 4 0 0 0 0 0
681 51 1 1 13 0 0 13 0 0
688 2 0 0 1 0 0 1 0 0
690 2 0 0 1 0 0 1 0 0
691 1 0 0 1 0 0 0 0 0
699 3 1 1 1 0 0 0 0 0
702 2 0 0 0 0 0 0 0 0
705 8 0 0 7 0 0 0 0 0
fn=openaux
60 10 1 1 0 0 0 5 0 0
63 50 0 0 20 0 0 10 0 0
64 10 1 1 5 0 0 0 0 0
67 5 0 0 5 0 0 0 0 0
68 10 0 0 10 0 0 0 0 0
fl=/usr/src/debug/glibc-2.17-c758a686/elf/dl-environ.c
fn=_dl_next_ld_env_entry
30 2 1 1 2 0 0 0 0 0
31 1 0 0 0 0 0 0 0 0
33 172 0 0 57 0 0 0 0 0
35 112 0 0 56 24 24 0 0 0
36 13 0 0 6 0 0 0 0 0
38 1 0 0 0 0 0 0 0 0
41 2 0 0 0 0 0 1 0 0
43 1 0 0 1 0 0 0 0 0
46 55 0 0 0 0 0 0 0 0
50 1 0 0 1 0 0 0 0 0
fl=/usr/src/debug/glibc-2.17-c758a686/elf/dl-error.c
fn=_dl_catch_error
159 42 1 1 0 0 0 36 3 3
168 6 0 0 0 0 0 6 1 1
170 12 1 1 6 0 0 12 1 1
171 12 0 0 6 0 0 6 0 0
173 18 0 0 0 0 0 6 0 0
174 12 0 0 0 0 0 0 0 0
176 18 0 0 6 0 0 6 0 0
177 18 0 0 12 0 0 6 0 0
178 12 0 0 6 0 0 6 0 0
179 12 1 1 6 0 0 6 0 0
180 12 0 0 6 0 0 6 0 0
181 12 0 0 6 0 0 6 0 0
182 6 0 0 0 0 0 0 0 0
191 24 0 0 12 0 0 0 0 0
fn=_dl_receive_error
197 10 2 2 0 0 0 6 0 0
198 2 0 0 1 0 0 1 0 0
202 1 0 0 1 0 0 0 0 0
203 1 0 0 1 0 0 0 0 0
206 1 0 0 0 0 0 1 0 0
207 1 0 0 0 0 0 1 0 0
209 2 0 0 0 0 0 1 0 0
211 1 0 0 0 0 0 1 0 0
212 1 0 0 0 0 0 1 0 0
213 8 1 1 7 0 0 0 0 0
fl=/usr/src/debug/glibc-2.17-c758a686/elf/dl-fini.c
fn=_dl_fini
132 8 1 1 0 0 0 6 0 0
144 1 0 0 0 0 0 0 0 0
145 1 0 0 0 0 0 1 0 0
151 1 0 0 0 0 0 1 0 0
154 12 1 1 2 1 0 2 0 0
157 2 1 1 1 1 0 1 0 0
160 2 0 0 2 1 0 0 0 0
163 2 0 0 0 0 0 0 0 0
165 7 1 1 4 0 0 0 0 0
176 3 0 0 1 0 0 0 0 0
178 2 0 0 1 0 0 0 0 0
181 9 0 0 0 0 0 1 0 0
192 17 1 1 5 1 0 1 0 0
194 10 0 0 5 1 0 0 0 0
198 15 0 0 5 0 0 5 0 0
199 5 0 0 0 0 0 5 4 0
200 5 0 0 5 0 0 0 0 0
204 5 0 0 5 1 0 0 0 0
211 6 1 1 2 0 0 1 0 0
220 2 0 0 1 0 0 1 0 0
224 15 0 0 6 0 0 0 0 0
226 5 0 0 5 0 0 0 0 0
228 15 0 0 5 0 0 0 0 0
231 10 1 1 0 0 0 5 0 0
234 15 0 0 5 4 0 0 0 0
235 4 1 1 2 2 0 0 0 0
238 6 0 0 3 0 0 0 0 0
245 6 0 0 0 0 0 0 0 0
249 6 0 0 6 3 0 0 0 0
250 3 0 0 3 0 0 0 0 0
251 6 0 0 3 0 0 0 0 0
252 22 1 1 0 0 0 0 0 0
253 8 0 0 4 3 0 4 0 0
257 9 0 0 3 2 0 0 0 0
258 9 0 0 6 2 0 3 0 0
263 30 1 1 10 1 0 0 0 0
279 10 0 0 5 0 0 0 0 0
284 6 0 0 2 0 0 0 0 0
290 2 1 1 1 0 0 0 0 0
297 8 1 1 7 0 0 0 0 0
fn=_dl_sort_fini
33 13 1 1 0 0 0 10 0 0
35 2 0 0 0 0 0 0 0 0
40 4 1 1 0 0 0 1 0 0
41 6 0 0 0 0 0 1 0 0
42 3 0 0 1 0 0 1 0 0
46 12 0 0 4 0 0 4 0 0
47 12 1 1 4 0 0 0 0 0
51 20 0 0 8 0 0 0 0 0
57 16 0 0 5 0 0 1 0 0
58 23 0 0 0 0 0 0 0 0
60 24 1 1 12 0 0 0 0 0
61 15 0 0 0 0 0 0 0 0
63 30 0 0 10 2 0 0 0 0
64 21 0 0 0 0 0 0 0 0
94 18 0 0 6 0 0 0 0 0
115 6 0 0 0 0 0 0 0 0
119 21 1 1 4 0 0 0 0 0
122 40 1 1 16 0 0 9 0 0
126 8 0 0 7 0 0 0 0 0
fl=/usr/src/debug/glibc-2.17-c758a686/elf/dl-hwcaps.c
fn=_dl_important_hwcaps
39 12 2 2 0 0 0 10 1 1
41 5 0 0 2 0 0 2 1 1
42 4 0 0 0 0 0 1 0 0
51 3 0 0 0 0 0 0 0 0
61 4 1 1 1 0 0 1 0 0
103 1 1 1 0 0 0 0 0 0
106 8 0 0 1 0 0 1 0 0
107 1 0 0 0 0 0 0 0 0
136 2 1 1 0 0 0 0 0 0
144 2 1 1 1 0 0 0 0 0
146 3 0 0 2 0 0 1 0 0
147 2 0 0 1 0 0 1 0 0
148 2 0 0 0 0 0 0 0 0
151 3 1 1 1 0 0 1 0 0
152 1 0 0 0 0 0 1 0 0
158 2 0 0 0 0 0 0 0 0
159 1 0 0 1 0 0 0 0 0
162 9 0 0 2 0 0 3 0 0
163 2 0 0 0 0 0 0 0 0
181 12 1 1 1 0 0 6 0 0
182 5 1 1 0 0 0 2 0 0
183 5 0 0 3 0 0 0 0 0
209 3 0 0 0 0 0 2 0 0
212 2 0 0 0 0 0 0 0 0
214 6 1 1 3 0 0 2 0 0
215 7 0 0 2 0 0 4 0 0
240 19 2 2 3 0 0 0 0 0
241 8 0 0 0 0 0 4 0 0
245 12 0 0 0 0 0 0 0 0
248 28 0 0 0 0 0 0 0 0
249 24 1 1 0 0 0 0 0 0
250 12 0 0 8 0 0 0 0 0
252 4 0 0 0 0 0 0 0 0
255 3 0 0 1 0 0 0 0 0
256 1 0 0 0 0 0 0 0 0
257 12 2 2 3 0 0 0 0 0
270 6 1 1 2 0 0 2 0 0
271 2 0 0 0 0 0 0 0 0
273 4 0 0 0 0 0 0 0 0
276 3 0 0 2 0 0 1 0 0
279 9 0 0 7 0 0 0 0 0
fl=/usr/src/debug/glibc-2.17-c758a686/elf/dl-init.c
fn=_dl_init
34 18 1 1 6 0 0 0 0 0
40 10 1 1 0 0 0 5 0 0
43 20 0 0 10 1 0 0 0 0
44 3 1 1 0 0 0 0 0 0
48 12 0 0 4 0 0 0 0 0
49 2 0 0 1 0 0 0 0 0
53 8 1 1 4 0 0 0 0 0
61 8 0 0 0 0 0 0 0 0
63 6 0 0 6 2 0 0 0 0
67 14 1 1 1 0 0 4 0 0
71 4 0 0 4 1 0 0 0 0
72 8 0 0 0 0 0 0 0 0
78 12 1 1 8 2 0 0 0 0
80 8 0 0 8 0 0 0 0 0
81 41 1 1 1 0 0 1 0 0
82 25 0 0 5 2 0 5 0 0
90 11 0 0 0 0 0 7 0 0
91 1 0 0 1 1 0 0 0 0
92 1 0 0 1 0 0 0 0 0
95 3 1 1 1 0 0 0 0 0
98 2 1 1 0 0 0 1 0 0
102 6 0 0 2 0 0 1 0 0
130 13 0 0 0 0 0 0 0 0
131 20 1 1 15 0 0 0 0 0
134 1 0 0 0 0 0 1 0 0
135 8 0 0 7 0 0 0 0 0
fl=/usr/src/debug/glibc-2.17-c758a686/elf/dl-load.c
fn=_dl_init_paths
710 9 2 2 0 0 0 6 0 0
725 6 0 0 2 0 0 2 0 0
729 1 0 0 0 0 0 1 0 0
730 3 0 0 0 0 0 1 0 0
731 2 0 0 0 0 0 0 0 0
738 5 1 1 0 0 0 0 0 0
739 2 0 0 1 0 0 0 0 0
742 1 0 0 0 0 0 1 0 0
743 5 0 0 0 0 0 1 0 0
745 2 0 0 0 0 0 0 0 0
751 1 0 0 0 0 0 1 0 0
752 1 1 1 0 0 0 1 0 0
760 1 0 0 0 0 0 1 0 0
762 4 0 0 0 0 0 2 1 1
763 2 0 0 0 0 0 2 1 1
765 11 1 1 0 0 0 2 0 0
766 5 0 0 0 0 0 2 0 0
771 14 3 3 0 0 0 0 0 0
772 21 1 1 0 0 0 6 1 1
774 4 1 1 0 0 0 2 0 0
780 1 0 0 0 0 0 1 1 1
781 1 0 0 0 0 0 1 0 0
785 1 1 1 1 0 0 0 0 0
786 2 0 0 0 0 0 0 0 0
790 3 0 0 1 0 0 0 0 0
804 1 0 0 0 0 0 1 0 0
806 3 1 1 1 0 0 0 0 0
817 2 1 1 0 0 0 1 0 0
822 2 1 1 0 0 0 0 0 0
877 1 1 1 0 0 0 1 0 0
878 8 0 0 7 0 0 0 0 0
fn=_dl_map_object
161 6 0 0 2 0 0 2 0 0
162 6 0 0 0 0 0 4 0 0
164 6 0 0 2 0 0 0 0 0
167 8 1 1 4 0 0 2 0 0
687 18 1 1 6 0 0 0 0 0
2082 78 2 2 0 0 0 48 3 3
2093 81 0 0 21 0 0 0 0 0
2098 54 0 0 18 0 0 0 0 0
2099 36 0 0 0 0 0 0 0 0
2101 93 1 1 0 0 0 18 0 0
2105 30 0 0 15 0 0 0 0 0
2106 45 1 1 15 0 0 0 0 0
2109 6 1 1 6 0 0 0 0 0
2110 12 0 0 12 0 0 0 0 0
2111 24 0 0 0 0 0 6 0 0
2128 6 0 0 3 0 0 0 0 0
2139 15 1 1 3 0 0 0 0 0
2163 3 0 0 0 0 0 3 1 1
2165 15 0 0 0 0 0 3 0 0
2169 8 2 2 0 0 0 4 0 0
2171 4 0 0 2 0 0 0 0 0
2178 8 0 0 2 0 0 0 0 0
2182 4 1 1 2 0 0 2 0 0
2183 4 0 0 0 0 0 2 0 0
2187 6 1 1 2 0 0 0 0 0
2188 2 0 0 0 0 0 0 0 0
2190 26 1 1 0 0 0 10 0 0
2202 10 1 1 8 0 0 0 0 0
2203 14 1 1 4 0 0 0 0 0
2204 2 1 1 0 0 0 0 0 0
2213 10 1 1 2 0 0 0 0 0
2220 12 1 1 0 0 0 4 0 0
2221 2 0 0 0 0 0 0 0 0
2223 4 1 1 2 0 0 2 0 0
2229 8 0 0 0 0 0 2 0 0
2231 6 0 0 2 0 0 0 0 0
2235 6 0 0 0 0 0 4 0 0
2237 4 0 0 0 0 0 0 0 0
2242 6 1 1 2 0 0 0 0 0
2250 4 0 0 2 0 0 0 0 0
2277 18 0 0 4 0 0 2 0 0
2280 6 1 1 0 0 0 2 0 0
2282 2 0 0 0 0 0 2 0 0
2283 6 0 0 2 0 0 0 0 0
2303 4 1 1 2 0 0 0 0 0
2309 1 0 0 0 0 0 1 0 0
2311 6 0 0 0 0 0 1 0 0
2312 3 0 0 0 0 0 0 0 0
2313 1 1 1 0 0 0 0 0 0
2316 7 0 0 0 0 0 1 0 0
2319 2 0 0 0 0 0 0 0 0
2331 9 0 0 0 0 0 0 0 0
2333 6 1 1 0 0 0 0 0 0
2377 6 0 0 3 0 0 3 0 0
2378 36 1 1 6 0 0 12 0 0
2380 48 0 0 42 0 0 0 0 0
fn=_dl_map_object_from_fd
478 2 1 1 1 0 0 0 0 0
915 45 2 2 0 0 0 30 1 1
926 12 0 0 3 0 0 6 1 1
927 3 0 0 0 0 0 3 0 0
930 18 0 0 0 0 0 3 0 0
941 48 1 1 15 0 0 0 0 0
942 45 1 1 24 2 2 0 0 0
959 6 1 1 3 0 0 0 0 0
984 6 1 1 3 0 0 0 0 0
994 6 0 0 3 0 0 0 0 0
1016 12 0 0 6 0 0 0 0 0
1051 24 1 1 12 0 0 3 0 0
1052 6 0 0 0 0 0 0 0 0
1063 9 0 0 6 0 0 3 2 2
1064 9 1 1 6 0 0 3 0 0
1065 6 0 0 3 0 0 3 0 0
1067 15 1 1 0 0 0 0 0 0
1068 12 0 0 6 0 0 0 0 0
1069 3 0 0 0 0 0 0 0 0
1084 3 0 0 0 0 0 3 0 0
1093 36 1 1 6 0 0 9 0 0
1094 3 1 1 0 0 0 0 0 0
1095 3 0 0 0 0 0 0 0 0
1101 217 0 0 0 0 0 0 0 0
1102 199 2 2 26 0 0 0 0 0
1108 6 0 0 3 0 0 3 0 0
1109 9 0 0 3 0 0 3 0 0
1110 3 0 0 0 0 0 0 0 0
1113 4 0 0 2 0 0 2 1 1
1114 2 0 0 0 0 0 0 0 0
1119 30 1 1 12 0 0 0 0 0
1125 36 0 0 12 0 0 0 0 0
1126 6 0 0 0 0 0 0 0 0
1132 24 1 1 12 0 0 0 0 0
1143 30 0 0 6 0 0 0 0 0
1144 24 0 0 0 0 0 6 3 3
1145 12 0 0 0 0 0 0 0 0
1146 12 0 0 0 0 0 6 1 1
1147 6 1 1 0 0 0 6 0 0
1148 12 0 0 6 0 0 6 0 0
1149 12 0 0 0 0 0 6 0 0
1153 12 0 0 0 0 0 0 0 0
1154 9 0 0 3 0 0 0 0 0
1159 42 0 0 6 0 0 6 1 1
1169 6 0 0 0 0 0 0 0 0
1172 3 1 1 1 0 0 0 0 0
1176 1 0 0 0 0 0 1 1 1
1177 2 0 0 1 0 0 1 0 0
1178 2 0 0 0 0 0 0 0 0
1179 1 0 0 0 0 0 0 0 0
1181 3 0 0 1 0 0 1 0 0
1182 2 1 1 1 0 0 1 1 1
1185 2 0 0 1 0 0 1 0 0
1189 4 0 0 1 0 0 0 0 0
1195 3 0 0 1 0 0 2 1 1
1196 1 0 0 0 0 0 0 0 0
1200 15 0 0 3 0 0 3 0 0
1208 9 0 0 0 0 0 0 0 0
1252 6 1 1 3 0 0 3 0 0
1253 9 1 1 0 0 0 0 0 0
1256 6 0 0 3 0 0 3 1 1
1257 9 0 0 6 0 0 3 0 0
1258 3 0 0 0 0 0 0 0 0
1261 9 0 0 0 0 0 0 0 0
1274 24 1 1 15 0 0 3 0 0
1276 6 0 0 3 0 0 0 0 0
1290 3 0 0 3 0 0 0 0 0
1295 21 0 0 12 0 0 6 2 2
1299 6 1 1 0 0 0 0 0 0
1306 9 0 0 3 0 0 3 0 0
1307 9 0 0 6 0 0 3 0 0
1309 6 0 0 0 0 0 0 0 0
1315 18 0 0 3 0 0 3 0 0
1316 3 1 1 3 0 0 0 0 0
1319 3 1 1 3 0 0 0 0 0
1321 3 0 0 3 0 0 0 0 0
1342 30 1 1 6 0 0 0 0 0
1344 12 0 0 6 0 0 0 0 0
1346 30 0 0 12 0 0 3 0 0
1354 18 0 0 6 0 0 0 0 0
1355 9 1 1 6 0 0 3 0 0
1357 12 0 0 6 0 0 0 0 0
1358 6 1 1 3 0 0 0 0 0
1359 6 1 1 2 0 0 0 0 0
1360 5 0 0 1 0 0 0 0 0
1362 4 0 0 0 0 0 1 0 0
1365 24 0 0 12 0 0 0 0 0
1371 6 0 0 3 0 0 0 0 0
1372 3 0 0 0 0 0 0 0 0
1373 15 1 1 3 0 0 0 0 0
1374 6 0 0 0 0 0 0 0 0
1381 6 0 0 0 0 0 0 0 0
1384 6 0 0 0 0 0 0 0 0
1395 21 0 0 0 0 0 9 1 1
1396 15 0 0 9 0 0 0 0 0
1401 6 0 0 0 0 0 0 0 0
1405 8 1 1 1 0 0 1 0 0
1408 2 0 0 0 0 0 0 0 0
1416 6 1 1 0 0 0 0 0 0
1420 12 0 0 6 0 0 0 0 0
1429 9 1 1 3 0 0 3 0 0
1435 6 0 0 0 0 0 0 0 0
1451 9 0 0 3 0 0 0 0 0
1470 6 1 1 3 0 0 3 0 0
1472 15 0 0 6 0 0 0 0 0
1523 9 0 0 3 2 2 0 0 0
1524 2 0 0 1 0 0 1 0 0
1527 12 1 1 3 0 0 3 0 0
1535 21 0 0 3 0 0 0 0 0
1538 12 1 1 6 0 0 3 0 0
1540 6 0 0 3 0 0 0 0 0
1556 6 0 0 0 0 0 3 0 0
1560 6 0 0 3 0 0 0 0 0
1561 6 0 0 3 0 0 0 0 0
1578 6 0 0 3 0 0 0 0 0
1579 1 0 0 0 0 0 1 0 0
1582 6 0 0 3 0 0 3 0 0
1583 6 0 0 3 0 0 3 0 0
1587 6 1 1 3 0 0 0 0 0
1597 9 0 0 3 0 0 3 0 0
1601 12 0 0 3 0 0 0 0 0
1621 24 0 0 21 0 0 0 0 0
fn=expand_dynamic_string_token
161 3 0 0 0 0 0 1 0 0
162 2 0 0 0 0 0 1 0 0
164 2 0 0 0 0 0 0 0 0
167 4 0 0 0 0 0 0 0 0
419 10 2 2 0 0 0 6 0 0
429 5 0 0 0 0 0 1 0 0
444 7 1 1 6 0 0 0 0 0
fn=open_verify
1669 36 1 1 0 0 0 24 0 0
1705 9 0 0 3 0 0 0 0 0
1726 15 1 1 3 0 0 6 0 0
1727 6 0 0 0 0 0 0 0 0
1737 3 0 0 0 0 0 3 0 0
1738 6 0 0 0 0 0 3 0 0
1743 18 1 1 3 0 0 3 0 0
1745 6 0 0 0 0 0 0 0 0
1747 9 0 0 3 0 0 3 0 0
1749 6 0 0 0 0 0 0 0 0
1755 6 0 0 0 0 0 0 0 0
1771 39 3 3 0 0 0 4 0 0
1773 3 0 0 3 0 0 0 0 0
1775 12 0 0 0 0 0 3 0 0
1802 3 1 1 2 0 0 0 0 0
1831 6 0 0 3 0 0 0 0 0
1836 6 1 1 3 0 0 0 0 0
1839 12 0 0 3 0 0 0 0 0
1844 6 0 0 3 1 1 0 0 0
1851 15 0 0 3 0 0 0 0 0
1852 12 1 1 3 0 0 0 0 0
1853 3 0 0 0 0 0 0 0 0
1868 151 0 0 0 0 0 0 0 0
1869 53 1 1 25 6 6 0 0 0
1873 12 0 0 6 0 0 0 0 0
1874 6 0 0 0 0 0 0 0 0
1883 30 2 2 0 0 0 5 0 0
1886 3 0 0 0 0 0 0 0 0
1887 9 0 0 3 0 0 0 0 0
1888 9 0 0 3 0 0 0 0 0
1890 9 0 0 0 0 0 0 0 0
1895 2 0 0 0 0 0 0 0 0
1896 2 0 0 0 0 0 0 0 0
1899 4 0 0 0 0 0 0 0 0
1902 6 0 0 2 0 0 0 0 0
1903 10 1 1 2 0 0 0 0 0
1904 4 0 0 2 0 0 0 0 0
1905 6 0 0 2 0 0 0 0 0
1906 12 0 0 4 0 0 0 0 0
1919 24 1 1 21 0 0 0 0 0
fl=/usr/src/debug/glibc-2.17-c758a686/elf/dl-lookup.c
fn=_dl_lookup_symbol_x
476 246 0 0 0 0 0 0 0 0
477 7030 0 0 1696 102 94 123 0 0
478 6292 0 0 0 0 0 0 0 0
716 1722 2 2 0 0 0 984 5 0
718 246 0 0 0 0 0 123 0 0
719 246 0 0 0 0 0 246 1 0
722 123 1 1 123 2 0 0 0 0
730 246 1 1 0 0 0 123 0 0
731 246 0 0 123 0 0 0 0 0
733 246 0 0 246 7 0 0 0 0
737 1036 1 1 13 0 0 246 0 0
739 1599 1 1 738 0 0 861 6 0
742 246 0 0 0 0 0 0 0 0
745 13 0 0 0 0 0 0 0 0
770 246 0 0 123 0 0 0 0 0
772 91 1 1 26 0 0 0 0 0
790 13 0 0 0 0 0 13 0 0
791 26 0 0 0 0 0 0 0 0
794 110 0 0 110 0 0 0 0 0
795 770 0 0 220 0 0 0 0 0
821 110 1 1 0 0 0 0 0 0
830 550 0 0 110 0 0 0 0 0
844 330 0 0 110 4 0 0 0 0
845 2 1 1 0 0 0 1 0 0
847 440 0 0 220 0 0 0 0 0
852 110 1 1 0 0 0 110 0 0
854 984 0 0 861 0 0 0 0 0
fn=_dl_setup_hash
865 15 1 1 5 0 0 0 0 0
869 5 0 0 5 0 0 0 0 0
873 10 1 1 5 5 5 5 0 0
874 5 0 0 5 0 0 0 0 0
875 5 0 0 5 1 1 0 0 0
878 10 0 0 0 0 0 5 0 0
879 15 0 0 5 0 0 5 0 0
881 5 0 0 0 0 0 5 0 0
882 10 0 0 0 0 0 0 0 0
884 5 0 0 0 0 0 5 0 0
885 5 0 0 0 0 0 0 0 0
886 20 1 1 0 0 0 5 0 0
887 5 0 0 5 0 0 0 0 0
fn=check_match.9347
132 770 2 1 0 0 0 440 0 0
133 220 2 1 110 24 8 0 0 0
135 440 0 0 220 14 14 0 0 0
137 330 0 0 110 0 0 0 0 0
147 330 0 0 110 0 0 110 6 1
150 442 0 0 221 0 0 37 1 0
154 220 0 0 220 2 0 0 0 0
155 330 1 1 110 0 0 0 0 0
157 216 0 0 0 0 0 0 0 0
176 216 0 0 216 16 8 0 0 0
177 864 1 1 324 7 0 0 0 0
178 756 1 1 216 1 0 108 1 0
205 4 0 0 0 0 0 0 0 0
207 12 2 1 4 1 0 0 0 0
208 10 0 0 2 0 0 0 0 0
223 660 0 0 550 0 0 0 0 0
fn=do_lookup_x
77 984 2 1 369 0 0 615 2 0
82 1476 1 1 246 0 0 861 9 0
83 123 0 0 123 1 0 0 0 0
88 123 0 0 0 0 0 0 0 0
89 123 0 0 123 0 0 0 0 0
95 509 0 0 0 0 0 509 0 0
96 509 0 0 0 0 0 509 0 0
98 1527 1 1 1018 12 0 509 0 0
101 1018 0 0 0 0 0 0 0 0
105 1026 0 0 513 0 0 0 0 0
109 1016 1 1 508 9 0 0 0 0
113 1016 0 0 508 1 0 0 0 0
120 1524 0 0 508 4 0 0 0 0
124 1016 0 0 1016 20 0 0 0 0
125 1524 0 0 1016 4 0 508 0 0
226 508 0 0 508 0 0 0 0 0
227 1016 1 1 0 0 0 0 0 0
229 508 0 0 508 54 34 0 0 0
230 492 0 0 0 0 0 123 2 0
231 1016 0 0 508 0 0 0 0 0
233 246 0 0 0 0 0 0 0 0
234 2032 0 0 508 0 0 0 0 0
237 2032 0 0 0 0 0 0 0 0
238 1524 0 0 0 0 0 0 0 0
240 258 0 0 258 61 47 0 0 0
241 516 1 1 0 0 0 0 0 0
242 258 0 0 0 0 0 0 0 0
244 375 0 0 125 0 0 0 0 0
247 1180 1 1 236 81 66 0 0 0
249 880 0 0 220 0 0 220 0 0
250 770 1 1 110 0 0 440 0 0
251 550 0 0 330 0 0 0 0 0
254 378 0 0 0 0 0 0 0 0
258 398 1 1 0 0 0 398 0 0
282 796 0 0 398 0 0 0 0 0
287 812 1 1 110 0 0 0 0 0
291 271 0 0 17 2 0 110 0 0
304 220 1 1 110 0 0 110 0 0
305 220 0 0 110 0 0 110 0 0
306 110 0 0 0 0 0 0 0 0
462 2175 0 0 725 0 0 0 0 0
463 1001 0 0 364 0 0 364 0 0
466 1197 1 1 0 0 0 0 0 0
469 26 0 0 0 0 0 0 0 0
470 984 0 0 861 0 0 0 0 0
fl=/usr/src/debug/glibc-2.17-c758a686/elf/dl-minimal.c
fn=__libc_memalign
51 96 1 1 0 0 0 48 1 1
52 118 0 0 47 0 0 0 0 0
57 3 0 0 0 0 0 1 0 0
58 3 1 1 1 0 0 0 0 0
59 1 0 0 0 0 0 0 0 0
63 72 0 0 0 0 0 24 0 0
64 24 0 0 0 0 0 0 0 0
66 156 1 1 0 0 0 0 0 0
70 12 0 0 3 0 0 0 0 0
71 9 0 0 0 0 0 0 0 0
77 21 0 0 0 0 0 3 1 1
79 15 0 0 6 0 0 0 0 0
83 9 0 0 0 0 0 3 0 0
86 24 1 1 0 0 0 24 0 0
87 24 0 0 0 0 0 24 0 0
89 183 0 0 72 0 0 0 0 0
fn=calloc
102 10 1 1 0 0 0 0 0 0
106 10 0 0 0 0 0 0 0 0
109 50 0 0 0 0 0 0 0 0
113 10 0 0 0 0 0 0 0 0
fn=malloc
93 23 0 0 0 0 0 0 0 0
94 46 0 0 0 0 0 0 0 0
fn=strsep
340 2 1 1 2 0 0 0 0 0
341 4 0 0 0 0 0 0 0 0
345 251 0 0 50 0 0 0 0 0
350 196 0 0 98 0 0 0 0 0
352 294 0 0 98 0 0 0 0 0
360 49 0 0 0 0 0 0 0 0
363 1 0 0 0 0 0 1 0 0
367 2 0 0 2 0 0 0 0 0
fl=/usr/src/debug/glibc-2.17-c758a686/elf/dl-misc.c
fn=_dl_name_match_p
304 635 2 1 0 0 0 254 1 0
305 508 2 1 127 0 0 127 2 1
306 134 0 0 0 0 0 0 0 0
308 127 0 0 127 0 0 0 0 0
310 510 0 0 0 0 0 0 0 0
311 675 0 0 135 10 0 135 0 0
314 128 0 0 128 0 0 0 0 0
316 120 0 0 0 0 0 0 0 0
317 635 1 1 381 0 0 0 0 0
fn=_dl_sysdep_read_whole_file
43 7 1 1 0 0 0 4 0 0
44 1 0 0 0 0 0 0 0 0
50 4 0 0 0 0 0 1 0 0
51 2 0 0 0 0 0 0 0 0
53 6 1 1 0 0 0 1 0 0
55 2 0 0 1 0 0 1 1 1
58 2 0 0 0 0 0 0 0 0
60 8 1 1 0 0 0 1 0 0
71 2 0 0 0 0 0 1 0 0
74 7 0 0 5 0 0 0 0 0
fl=/usr/src/debug/glibc-2.17-c758a686/elf/dl-object.c
fn=_dl_add_to_namespace_list
33 20 1 1 0 0 0 8 0 0
35 8 0 0 4 0 0 4 0 0
37 29 0 0 4 0 0 0 0 0
40 27 0 0 9 0 0 0 0 0
41 6 0 0 0 0 0 0 0 0
42 3 0 0 0 0 0 3 0 0
44 3 0 0 0 0 0 3 0 0
47 2 0 0 0 0 0 1 0 0
48 12 1 1 4 0 0 0 0 0
49 8 0 0 4 0 0 4 0 0
50 8 0 0 0 0 0 4 0 0
52 12 0 0 4 0 0 0 0 0
53 12 0 0 8 0 0 0 0 0
fn=_dl_new_object
62 52 1 1 0 0 0 36 1 1
63 20 0 0 0 0 0 4 1 1
69 48 1 1 8 0 0 0 0 0
76 20 1 1 0 0 0 8 0 0
79 8 0 0 0 0 0 0 0 0
82 4 0 0 0 0 0 4 3 3
83 8 0 0 0 0 0 4 4 4
87 8 1 1 0 0 0 4 2 2
88 20 0 0 4 0 0 8 2 2
90 4 0 0 0 0 0 4 0 0
92 8 0 0 4 0 0 4 0 0
93 24 0 0 8 4 4 4 0 0
96 8 1 1 4 0 0 0 0 0
97 9 1 1 0 0 0 4 4 4
98 4 0 0 0 0 0 4 0 0
102 4 0 0 0 0 0 4 0 0
105 45 0 0 0 0 0 0 0 0
107 32 0 0 0 0 0 16 4 4
117 8 0 0 0 0 0 4 1 1
118 4 0 0 0 0 0 4 4 4
121 4 0 0 0 0 0 0 0 0
123 24 1 1 4 1 1 0 0 0
125 9 0 0 0 0 0 3 2 2
128 9 1 1 0 0 0 0 0 0
132 9 0 0 3 0 0 0 0 0
136 21 1 1 3 0 0 0 0 0
138 1 0 0 0 0 0 0 0 0
144 1 0 0 0 0 0 1 1 1
147 8 1 1 0 0 0 4 0 0
150 20 0 0 8 0 0 0 0 0
152 15 0 0 3 0 0 6 0 0
156 15 1 1 0 0 0 0 0 0
160 9 1 1 0 0 0 3 0 0
161 12 0 0 0 0 0 0 0 0
206 12 0 0 6 0 0 3 0 0
211 105 0 0 0 0 0 0 0 0
212 114 0 0 54 0 0 0 0 0
217 6 0 0 0 0 0 3 0 0
220 6 0 0 0 0 0 3 0 0
224 32 1 1 28 0 0 0 0 0
fl=/usr/src/debug/glibc-2.17-c758a686/elf/dl-reloc.c
fn=_dl_relocate_object
154 60 1 1 0 0 0 40 0 0
161 5 0 0 0 0 0 5 0 0
164 6 0 0 0 0 0 0 0 0
165 25 0 0 0 0 0 15 0 0
169 10 0 0 0 0 0 0 0 0
170 20 1 1 10 1 0 0 0 0
176 10 0 0 5 0 0 0 0 0
182 15 0 0 5 0 0 0 0 0
183 10 1 1 5 4 0 0 0 0
184 2 1 1 0 0 0 0 0 0
186 10 0 0 5 0 0 0 0 0
194 10 1 1 5 2 0 0 0 0
239 15 0 0 10 0 0 5 0 0
265 296 5 5 104 18 1 65 0 0
268 15 0 0 5 0 0 0 0 0
296 5 0 0 5 0 0 0 0 0
299 10 1 1 5 0 0 0 0 0
316 15 0 0 5 3 0 0 0 0
318 40 0 0 35 1 0 0 0 0
324 20 2 2 10 0 0 0 0 0
325 10 0 0 5 0 0 0 0 0
326 10 0 0 0 0 0 0 0 0
329 10 0 0 0 0 0 0 0 0
330 25 0 0 0 0 0 5 0 0
fl=/usr/src/debug/glibc-2.17-c758a686/elf/dl-tls.c
fn=_dl_add_to_slotinfo
854 6 1 1 0 0 0 4 0 0
860 1 0 0 1 0 0 0 0 0
863 2 0 0 1 1 0 0 0 0
868 5 0 0 1 1 0 0 0 0
909 1 1 1 0 0 0 1 0 0
910 3 0 0 1 1 0 1 0 0
911 6 0 0 5 0 0 0 0 0
fn=_dl_allocate_tls_init
398 8 1 1 0 0 0 7 0 0
399 2 1 1 0 0 0 0 0 0
403 4 0 0 2 1 0 1 0 0
405 1 0 0 0 0 0 0 0 0
406 1 0 0 0 0 0 0 0 0
411 1 0 0 1 0 0 0 0 0
416 11 1 1 1 0 0 0 0 0
422 10 0 0 0 0 0 0 0 0
425 1 1 1 1 0 0 0 0 0
426 2 0 0 0 0 0 0 0 0
433 3 0 0 1 0 0 0 0 0
435 2 0 0 0 0 0 0 0 0
436 2 0 0 1 0 0 0 0 0
449 2 0 0 1 0 0 0 0 0
457 4 1 1 2 0 0 1 1 0
458 1 0 0 0 0 0 1 0 0
459 10 0 0 4 0 0 2 0 0
461 1 0 0 1 0 0 0 0 0
473 2 1 1 1 0 0 1 0 0
475 1 0 0 1 0 0 0 0 0
476 8 0 0 7 0 0 0 0 0
fn=_dl_allocate_tls_storage
317 2 0 0 1 0 0 0 0 0
318 3 0 0 0 0 0 1 0 0
319 2 0 0 0 0 0 0 0 0
322 1 0 0 0 0 0 1 1 1
328 2 1 1 0 0 0 1 0 0
350 3 1 1 0 0 0 3 0 0
352 1 1 1 1 0 0 0 0 0
363 4 0 0 1 0 0 1 0 0
364 2 0 0 0 0 0 0 0 0
371 1 0 0 0 0 0 0 0 0
375 306 1 1 0 0 0 288 36 36
392 5 0 0 4 0 0 0 0 0
fn=_dl_count_modids
112 2 1 1 1 0 0 0 0 0
113 2 1 1 2 0 0 0 0 0
fn=_dl_determine_tlsoffset
134 5 0 0 0 0 0 4 0 0
135 1 0 0 0 0 0 0 0 0
136 1 0 0 0 0 0 0 0 0
137 1 0 0 0 0 0 0 0 0
145 2 1 1 1 0 0 0 0 0
177 1 0 0 0 0 0 0 0 0
179 8 0 0 2 0 0 0 0 0
183 3 1 1 1 0 0 0 0 0
184 2 1 1 1 0 0 0 0 0
186 2 0 0 0 0 0 0 0 0
188 5 0 0 1 0 0 0 0 0
190 2 0 0 0 0 0 0 0 0
204 6 0 0 0 0 0 0 0 0
206 3 0 0 0 0 0 0 0 0
207 1 0 0 0 0 0 0 0 0
210 1 0 0 0 0 0 0 0 0
216 1 1 1 0 0 0 1 0 0
219 1 0 0 0 0 0 1 0 0
220 1 1 1 0 0 0 1 0 0
271 1 0 0 0 0 0 1 0 0
272 8 0 0 5 0 0 0 0 0
fn=_dl_next_tls_modid
53 3 1 1 2 0 0 0 0 0
101 2 0 0 0 0 0 1 0 0
105 1 0 0 1 0 0 0 0 0
fl=/usr/src/debug/glibc-2.17-c758a686/elf/dl-version.c
fn=_dl_check_all_versions
381 6 1 1 0 0 0 4 0 0
383 2 0 0 0 0 0 0 0 0
385 19 0 0 5 0 0 0 0 0
386 5 0 0 0 0 0 0 0 0
387 50 1 1 5 0 0 5 0 0
390 7 0 0 5 0 0 0 0 0
fn=_dl_check_map_versions
56 56 1 1 8 0 0 0 0 0
57 14 0 0 14 0 0 0 0 0
58 94 0 0 0 0 0 18 0 0
174 55 2 2 0 0 0 40 0 0
175 2 0 0 0 0 0 0 0 0
183 2 0 0 0 0 0 0 0 0
189 15 0 0 5 0 0 0 0 0
191 10 0 0 5 0 0 5 0 0
193 10 0 0 5 0 0 5 0 0
194 10 0 0 5 0 0 5 0 0
196 10 1 1 0 0 0 0 0 0
199 12 0 0 9 0 0 3 0 0
203 18 0 0 6 2 2 0 0 0
220 12 0 0 12 1 1 0 0 0
228 12 1 1 4 0 0 0 0 0
233 32 0 0 8 0 0 0 0 0
237 126 1 1 78 2 2 16 0 0
245 32 0 0 8 0 0 0 0 0
248 32 1 1 8 0 0 0 0 0
253 4 0 0 0 0 0 0 0 0
257 16 0 0 8 0 0 0 0 0
262 1 0 0 1 0 0 0 0 0
263 1 0 0 0 0 0 0 0 0
271 15 1 1 5 0 0 0 0 0
274 9 0 0 6 0 0 0 0 0
277 128 0 0 32 1 1 0 0 0
280 96 0 0 32 2 2 0 0 0
284 29 0 0 0 0 0 0 0 0
288 10 1 1 0 0 0 0 0 0
293 4 0 0 0 0 0 4 0 0
294 16 0 0 0 0 0 4 0 0
295 8 0 0 0 0 0 0 0 0
303 4 0 0 0 0 0 4 0 0
306 12 1 1 8 1 0 4 0 0
308 12 0 0 4 0 0 0 0 0
311 12 0 0 9 0 0 0 0 0
315 12 0 0 4 0 0 0 0 0
318 24 1 1 8 0 0 0 0 0
320 24 0 0 0 0 0 0 0 0
322 40 0 0 8 0 0 8 0 0
323 24 0 0 0 0 0 8 4 4
324 24 0 0 8 0 0 8 1 1
325 24 1 1 8 0 0 8 0 0
328 24 0 0 8 0 0 0 0 0
333 4 0 0 0 0 0 0 0 0
336 12 0 0 4 0 0 0 0 0
341 1 0 0 0 0 0 0 0 0
342 1 0 0 0 0 0 0 0 0
346 12 0 0 4 0 0 0 0 0
349 12 0 0 9 0 0 0 0 0
353 32 0 0 32 0 0 0 0 0
355 64 0 0 32 0 0 0 0 0
359 29 0 0 29 0 0 0 0 0
360 145 0 0 29 0 0 29 9 9
361 87 0 0 29 0 0 29 0 0
362 29 0 0 0 0 0 29 3 3
365 96 0 0 32 0 0 0 0 0
369 29 0 0 0 0 0 0 0 0
374 9 0 0 0 0 0 0 0 0
375 40 2 2 35 0 0 0 0 0
fn=match_symbol
76 104 1 1 0 0 0 64 0 0
77 16 1 1 16 0 0 0 0 0
85 16 0 0 8 0 0 0 0 0
91 24 0 0 8 0 0 0 0 0
109 16 0 0 16 0 0 0 0 0
114 122 1 1 61 10 10 0 0 0
128 122 0 0 61 3 3 0 0 0
130 8 1 1 8 0 0 0 0 0
133 48 1 1 8 0 0 8 0 0
140 159 0 0 53 3 3 0 0 0
144 53 0 0 0 0 0 0 0 0
168 64 0 0 56 0 0 0 0 0
fl=/usr/src/debug/glibc-2.17-c758a686/elf/do-rel.h
fn=_dl_relocate_object
47 20 0 0 10 0 0 0 0 0
48 10 0 0 10 0 0 0 0 0
50 4 0 0 0 0 0 0 0 0
51 4 0 0 0 0 0 4 1 0
58 30 0 0 10 0 0 0 0 0
61 144 0 0 0 0 0 0 0 0
63 132 1 1 44 16 16 0 0 0
74 6 0 0 0 0 0 0 0 0
75 10 1 1 10 0 0 0 0 0
83 14 1 1 7 0 0 7 0 0
84 7 1 1 7 0 0 0 0 0
86 14 0 0 0 0 0 0 0 0
98 21 0 0 0 0 0 0 0 0
108 13 1 1 1 1 1 0 0 0
111 4805 0 0 0 0 0 1198 229 226
118 21 0 0 7 5 0 0 0 0
121 12 1 1 6 5 0 6 1 0
124 390 1 1 130 0 0 0 0 0
127 488 1 1 122 33 29 0 0 0
129 29 1 1 7 0 0 8 0 0
136 345 0 0 230 44 40 0 0 0
137 763 1 1 115 0 0 115 1 0
138 216 0 0 115 1 0 0 0 0
139 230 0 0 230 0 0 0 0 0
143 8 0 0 0 0 0 0 0 0
144 26 0 0 1 0 0 0 0 0
145 21 1 1 7 0 0 0 0 0
148 21 0 0 14 0 0 0 0 0
149 21 0 0 7 0 0 7 0 0
150 7 0 0 0 0 0 0 0 0
151 7 0 0 7 0 0 0 0 0
152 14 0 0 7 0 0 0 0 0
160 23 1 1 5 0 0 4 0 0
162 20 0 0 5 2 2 0 0 0
170 25 0 0 5 0 0 5 0 0
171 10 1 1 10 0 0 0 0 0
174 5 1 1 2 0 0 0 0 0
fn=_dl_start
83 1 0 0 1 0 0 0 0 0
111 36 0 0 0 0 0 0 0 0
124 28 1 1 0 0 0 0 0 0
137 40 1 1 8 2 2 0 0 0
139 16 0 0 8 0 0 0 0 0
fl=/usr/src/debug/glibc-2.17-c758a686/elf/get-dynamic-info.h
fn=_dl_map_object_from_fd
38 6 0 0 0 0 0 0 0 0
42 3 0 0 0 0 0 0 0 0
44 231 0 0 77 21 21 0 0 0
46 148 1 1 0 0 0 0 0 0
51 75 0 0 0 0 0 0 0 0
52 122 0 0 0 0 0 71 18 18
53 12 0 0 0 0 0 0 0 0
55 3 0 0 0 0 0 0 0 0
56 15 1 1 0 0 0 0 0 0
58 3 0 0 0 0 0 0 0 0
59 15 0 0 0 0 0 0 0 0
60 3 0 0 0 0 0 0 0 0
61 12 1 1 0 0 0 3 0 0
62 74 0 0 0 0 0 0 0 0
69 6 1 1 0 0 0 0 0 0
89 11 0 0 5 0 0 0 0 0
90 12 0 0 6 0 0 0 0 0
91 12 0 0 6 0 0 0 0 0
92 12 1 1 6 0 0 0 0 0
94 12 0 0 6 0 0 0 0 0
99 12 0 0 6 0 0 0 0 0
100 11 0 0 5 1 1 0 0 0
101 12 1 1 6 0 0 0 0 0
136 9 0 0 3 0 0 0 0 0
141 2 0 0 1 0 0 1 0 0
143 2 0 0 0 0 0 0 0 0
145 2 0 0 0 0 0 0 0 0
147 2 0 0 0 0 0 0 0 0
148 1 0 0 0 0 0 1 0 0
150 9 1 1 3 0 0 0 0 0
152 4 0 0 2 0 0 2 0 0
160 4 0 0 2 0 0 0 0 0
161 4 0 0 0 0 0 0 0 0
165 4 0 0 0 0 0 0 0 0
166 2 0 0 1 0 0 1 0 0
168 6 1 1 3 0 0 0 0 0
fn=_dl_start
44 69 1 1 23 7 7 0 0 0
46 44 0 0 0 0 0 0 0 0
47 32 0 0 0 0 0 16 4 4
51 25 0 0 0 0 0 0 0 0
52 22 2 2 0 0 0 5 3 3
53 4 1 1 0 0 0 0 0 0
55 1 0 0 0 0 0 0 0 0
56 5 0 0 0 0 0 0 0 0
58 2 0 0 0 0 0 0 0 0
59 5 1 1 0 0 0 0 0 0
60 1 0 0 0 0 0 0 0 0
61 5 0 0 0 0 0 1 1 1
62 22 0 0 0 0 0 0 0 0
69 2 0 0 0 0 0 0 0 0
89 4 0 0 2 0 0 0 0 0
90 4 0 0 2 0 0 0 0 0
91 4 1 1 2 0 0 0 0 0
92 4 0 0 2 0 0 0 0 0
94 4 0 0 2 0 0 0 0 0
99 4 0 0 2 0 0 0 0 0
100 4 1 1 2 0 0 0 0 0
101 4 0 0 2 0 0 0 0 0
fn=dl_main
29 1 0 0 1 0 0 0 0 0
38 2 0 0 0 0 0 0 0 0
42 1 1 1 0 0 0 0 0 0
44 75 0 0 25 7 7 0 0 0
46 48 1 1 0 0 0 0 0 0
51 17 0 0 0 0 0 0 0 0
52 32 0 0 0 0 0 23 5 5
53 4 0 0 0 0 0 0 0 0
55 2 0 0 0 0 0 0 0 0
56 5 0 0 0 0 0 0 0 0
58 1 0 0 0 0 0 0 0 0
59 5 1 1 0 0 0 0 0 0
60 1 0 0 0 0 0 0 0 0
61 4 0 0 0 0 0 1 0 0
62 24 0 0 0 0 0 0 0 0
69 3 1 1 1 0 0 0 0 0
136 3 1 1 1 0 0 0 0 0
150 3 1 1 1 0 0 0 0 0
168 2 0 0 1 0 0 0 0 0
fl=/usr/src/debug/glibc-2.17-c758a686/elf/rtld.c
fn=_dl_initial_error_catch_tsd
795 14 1 1 7 0 0 0 0 0
fn=_dl_start
282 74 3 3 8 1 1 8 1 1
294 2 1 1 0 0 0 1 1 1
295 2 0 0 0 0 0 1 0 0
296 2 0 0 0 0 0 1 1 1
297 2 0 0 0 0 0 1 0 0
298 2 0 0 0 0 0 1 0 0
319 5 0 0 0 0 0 1 1 1
323 1 0 0 0 0 0 1 0 0
329 4 1 1 0 0 0 1 0 0
338 4 0 0 0 0 0 0 0 0
341 2 0 0 1 1 0 1 1 0
345 2 0 0 1 0 0 0 0 0
359 9 2 2 0 0 0 6 1 1
377 5 0 0 0 0 0 1 1 1
403 1 0 0 0 0 0 1 0 0
406 1 0 0 0 0 0 1 1 1
539 34 2 2 10 0 0 0 0 0
541 1 1 1 1 1 1 0 0 0
566 9 0 0 7 1 0 0 0 0
fn=dl_main
850 1 0 0 1 0 0 0 0 0
852 1 0 0 0 0 0 1 0 0
858 3 1 1 1 0 0 0 0 0
863 1 0 0 0 0 0 1 0 0
865 1 0 0 0 0 0 1 0 0
871 1 0 0 0 0 0 1 0 0
888 13 2 2 0 0 0 8 2 2
894 1 0 0 0 0 0 0 0 0
896 2 0 0 0 0 0 0 0 0
897 2 0 0 0 0 0 1 0 0
903 1 0 0 0 0 0 1 0 0
907 2 0 0 0 0 0 1 0 0
910 2 0 0 0 0 0 1 1 1
914 2 0 0 0 0 0 1 1 1
915 2 0 0 0 0 0 1 0 0
920 2 0 0 0 0 0 1 0 0
926 1 0 0 0 0 0 1 1 1
928 4 1 1 2 0 0 0 0 0
1124 8 2 2 0 0 0 1 0 0
1127 1 0 0 0 0 0 1 1 1
1128 2 0 0 1 0 0 1 0 0
1129 3 0 0 2 0 0 1 0 0
1133 5 1 1 1 0 0 1 0 0
1155 1 0 0 0 0 0 1 0 0
1156 1 0 0 0 0 0 1 0 0
1158 1 1 1 0 0 0 1 0 0
1160 1 0 0 1 0 0 0 0 0
1163 36 1 1 3 0 0 0 0 0
1164 71 2 2 9 5 5 0 0 0
1168 3 1 1 1 0 0 1 0 0
1169 1 0 0 0 0 0 0 0 0
1173 3 1 1 2 0 0 1 0 0
1174 1 0 0 0 0 0 0 0 0
1182 1 0 0 0 0 0 1 1 1
1183 2 1 1 2 1 1 0 0 0
1185 2 1 1 0 0 0 1 0 0
1192 3 0 0 1 0 0 0 0 0
1210 1 0 0 0 0 0 0 0 0
1218 4 0 0 2 0 0 0 0 0
1219 10 1 1 3 1 1 0 0 0
1220 4 0 0 2 0 0 0 0 0
1221 1 0 0 0 0 0 1 0 0
1224 4 0 0 2 1 1 0 0 0
1225 4 0 0 2 0 0 0 0 0
1226 2 0 0 0 0 0 2 0 0
1227 6 0 0 3 0 0 0 0 0
1228 2 0 0 0 0 0 1 0 0
1255 2 0 0 1 0 0 1 0 0
1256 1 0 0 0 0 0 0 0 0
1259 2 0 0 1 0 0 1 0 0
1260 2 0 0 1 0 0 1 0 0
1261 1 0 0 0 0 0 0 0 0
1266 3 0 0 1 1 1 0 0 0
1269 2 1 1 0 0 0 0 0 0
1271 2 0 0 0 0 0 0 0 0
1273 2 0 0 1 0 0 0 0 0
1286 2 0 0 0 0 0 0 0 0
1287 13 1 1 7 0 0 3 0 0
1292 1 0 0 0 0 0 1 0 0
1294 1 0 0 0 0 0 1 0 0
1295 1 0 0 0 0 0 1 0 0
1298 2 1 1 0 0 0 1 0 0
1304 2 0 0 0 0 0 0 0 0
1309 2 1 1 0 0 0 1 0 0
1312 2 0 0 1 0 0 0 0 0
1328 3 1 1 0 0 0 1 0 0
1334 9 1 1 1 0 0 2 0 0
1339 2 1 1 1 0 0 1 0 0
1342 4 0 0 1 0 0 2 0 0
1344 1 0 0 0 0 0 1 0 0
1349 2 0 0 1 0 0 0 0 0
1352 3 1 1 2 0 0 1 0 0
1353 4 0 0 1 0 0 1 0 0
1354 2 0 0 0 0 0 1 0 0
1355 1 0 0 0 0 0 1 0 0
1356 1 0 0 1 0 0 0 0 0
1357 1 0 0 1 0 0 0 0 0
1362 2 1 1 1 0 0 0 0 0
1363 5 0 0 1 0 0 1 0 0
1367 1 0 0 1 0 0 0 0 0
1369 4 0 0 1 0 0 0 0 0
1370 2 0 0 0 0 0 1 0 0
1371 4 1 1 1 1 1 1 1 1
1376 2 0 0 0 0 0 0 0 0
1377 6 0 0 1 1 1 0 0 0
1379 2 0 0 1 0 0 1 1 1
1380 2 0 0 1 0 0 1 0 0
1385 2 1 1 1 0 0 0 0 0
1390 3 0 0 1 0 0 0 0 0
1507 2 0 0 0 0 0 0 0 0
1567 2 0 0 0 0 0 2 0 0
1575 3 1 1 1 0 0 0 0 0
1578 2 0 0 1 0 0 1 0 0
1582 3 0 0 1 0 0 0 0 0
1587 2 1 1 1 0 0 1 0 0
1588 2 0 0 0 0 0 1 0 0
1589 1 0 0 0 0 0 0 0 0
1593 3 1 1 1 0 0 0 0 0
1610 1 0 0 0 0 0 0 0 0
1612 3 0 0 1 0 0 0 0 0
1619 11 2 2 0 0 0 3 0 0
1622 5 0 0 0 0 0 0 0 0
1625 12 0 0 0 0 0 2 0 0
1626 2 0 0 1 0 0 0 0 0
1627 3 1 1 1 0 0 0 0 0
1629 6 0 0 0 0 0 1 0 0
1631 4 1 1 0 0 0 0 0 0
1632 2 0 0 1 0 0 0 0 0
1633 3 1 1 0 0 0 1 0 0
1643 5 0 0 0 0 0 1 0 0
1720 4 1 1 2 0 0 0 0 0
1724 8 1 1 0 0 0 0 0 0
1725 1 0 0 0 0 0 0 0 0
1728 2 0 0 0 0 0 1 0 0
1729 1 0 0 1 0 0 0 0 0
1730 2 1 1 0 0 0 0 0 0
1737 6 0 0 0 0 0 1 0 0
1738 8 0 0 0 0 0 1 0 0
1739 4 0 0 0 0 0 0 0 0
1741 3 0 0 2 0 0 0 0 0
1744 15 1 1 2 0 0 0 0 0
1745 20 0 0 10 0 0 0 0 0
1748 3 1 1 2 0 0 1 0 0
1749 3 0 0 1 0 0 0 0 0
1750 1 0 0 0 0 0 1 0 0
1752 16 1 1 0 0 0 0 0 0
1753 11 0 0 5 0 0 0 0 0
1763 2 1 1 0 0 0 1 0 0
1765 2 0 0 1 0 0 1 0 0
1766 2 0 0 1 0 0 0 0 0
1768 2 0 0 0 0 0 1 0 0
1770 3 1 1 0 0 0 0 0 0
1772 3 0 0 1 0 0 0 0 0
1787 2 0 0 0 0 0 1 0 0
1788 3 0 0 1 0 0 0 0 0
1799 4 1 1 0 0 0 1 0 0
1800 1 0 0 0 0 0 1 0 0
1801 4 0 0 0 0 0 1 0 0
1811 2 0 0 1 0 0 1 0 0
1812 2 1 1 1 0 0 0 0 0
1813 2 0 0 0 0 0 2 0 0
1815 2 0 0 1 0 0 0 0 0
1820 2 0 0 1 0 0 0 0 0
2053 3 0 0 1 0 0 0 0 0
2103 1 1 1 1 0 0 0 0 0
2109 2 2 2 0 0 0 1 0 0
2113 4 0 0 2 0 0 2 0 0
2117 2 0 0 1 0 0 1 0 0
2120 2 0 0 0 0 0 0 0 0
2128 2 0 0 0 0 0 0 0 0
2174 3 2 2 1 0 0 0 0 0
2181 1 0 0 1 0 0 0 0 0
2183 11 0 0 1 0 0 1 0 0
2185 15 1 1 1 1 0 0 0 0
2187 15 1 1 10 1 0 0 0 0
2192 10 0 0 10 0 0 0 0 0
2194 12 0 0 0 0 0 0 0 0
2196 1 1 1 0 0 0 1 0 0
2197 1 1 1 1 0 0 0 0 0
2200 5 0 0 5 0 0 0 0 0
2202 15 0 0 0 0 0 0 0 0
2203 32 0 0 8 3 0 4 0 0
2207 17 0 0 6 1 0 0 0 0
2208 3 0 0 0 0 0 1 0 0
2210 4 0 0 0 0 0 0 0 0
2212 2 1 1 0 0 0 1 0 0
2218 2 0 0 1 0 0 0 0 0
2227 4 0 0 2 0 0 0 0 0
2229 1 0 0 1 0 0 0 0 0
2234 2 1 1 1 0 0 1 0 0
2238 2 0 0 1 0 0 0 0 0
2254 4 1 1 1 0 0 0 0 0
2269 5 0 0 0 0 0 0 0 0
2271 1 0 0 1 0 0 0 0 0
2272 5 0 0 1 0 0 1 0 0
2273 4 0 0 0 0 0 0 0 0
2275 3 0 0 1 0 0 0 0 0
2283 1 0 0 0 0 0 1 0 0
2287 3 0 0 1 0 0 0 0 0
2307 4 0 0 0 0 0 1 0 0
2308 1 0 0 0 0 0 1 0 0
2309 1 0 0 0 0 0 1 0 0
2310 1 0 0 0 0 0 0 0 0
2314 1 0 0 0 0 0 1 0 0
2319 8 0 0 7 2 0 0 0 0
2487 2 0 0 1 0 0 1 1 1
2489 1 0 0 0 0 0 0 0 0
2490 1 1 1 0 0 0 1 0 0
2494 11 1 1 1 0 0 3 0 0
2496 10 0 0 2 0 0 2 1 1
2500 40 1 1 8 0 0 0 0 0
2501 7 0 0 0 0 0 0 0 0
2503 2 0 0 0 0 0 0 0 0
2509 8 1 1 1 0 0 0 0 0
2530 6 1 1 0 0 0 1 0 0
2537 6 1 1 0 0 0 1 0 0
2539 3 0 0 0 0 0 1 0 0
2658 3 1 1 1 0 0 0 0 0
2688 3 0 0 1 0 0 0 0 0
fn=do_preload
801 6 1 1 0 0 0 3 0 0
803 1 1 1 0 0 0 1 0 0
807 1 0 0 0 0 0 1 0 0
808 1 0 0 0 0 0 1 0 0
809 1 0 0 0 0 0 1 0 0
811 1 0 0 1 0 0 0 0 0
813 6 1 1 0 0 0 1 0 0
814 2 0 0 1 0 0 0 0 0
822 3 0 0 1 0 0 0 0 0
828 5 1 1 4 0 0 0 0 0
fn=init_tls
714 1 0 0 0 0 0 1 0 0
716 2 0 0 1 0 0 1 0 0
720 2 0 0 1 0 0 0 0 0
721 1 0 0 0 0 0 0 0 0
726 2 0 0 0 0 0 1 1 1
729 1 1 1 0 0 0 1 0 0
730 4 0 0 0 0 0 1 0 0
735 1 0 0 0 0 0 0 0 0
737 1 0 0 0 0 0 1 0 0
742 1 0 0 0 0 0 0 0 0
743 13 0 0 1 0 0 0 0 0
744 10 0 0 5 0 0 0 0 0
745 10 0 0 5 0 0 0 0 0
749 3 0 0 0 0 0 1 0 0
751 1 0 0 0 0 0 0 0 0
756 1 1 1 0 0 0 1 0 0
763 2 0 0 0 0 0 1 0 0
764 2 0 0 0 0 0 0 0 0
770 2 0 0 1 0 0 1 0 0
778 7 1 1 0 0 0 2 0 0
782 2 1 1 0 0 0 1 0 0
785 2 0 0 2 0 0 0 0 0
fn=map_doit
622 2 1 1 0 0 0 1 0 0
624 8 1 1 3 0 0 2 0 0
626 2 0 0 2 0 0 0 0 0
fn=rtld_lock_default_lock_recursive
835 12 3 1 12 2 1 0 0 0
fn=rtld_lock_default_unlock_recursive
841 12 0 0 12 1 0 0 0 0
fn=version_check_doit
654 2 1 1 0 0 0 1 0 0
656 6 0 0 2 0 0 1 0 0
660 2 0 0 2 0 0 0 0 0
fl=/usr/src/debug/glibc-2.17-c758a686/elf/setup-vdso.h
fn=dl_main
24 2 0 0 1 0 0 0 0 0
fl=/usr/src/debug/glibc-2.17-c758a686/io/../sysdeps/unix/sysv/linux/wordsize-64/fxstat.c
fn=_fxstat
35 5 0 0 0 0 0 0 0 0
36 10 2 2 0 0 0 0 0 0
37 30 1 1 0 0 0 0 0 0
41 5 0 0 5 0 0 0 0 0
fl=/usr/src/debug/glibc-2.17-c758a686/libio/../sysdeps/unix/sysv/linux/sys/sysmacros.h
fn=_IO_file_doallocate
46 6 0 0 0 0 0 0 0 0
fl=/usr/src/debug/glibc-2.17-c758a686/libio/filedoalloc.c
fn=_IO_file_doallocate
96 5 1 1 0 0 0 3 0 0
111 8 1 1 3 1 0 1 1 0
113 4 0 0 1 1 0 0 0 0
116 2 0 0 0 0 0 0 0 0
118 2 2 2 1 0 0 0 0 0
121 1 0 0 1 0 0 0 0 0
124 6 1 1 1 0 0 0 0 0
128 8 0 0 0 0 0 1 0 0
129 5 0 0 0 0 0 1 0 0
130 1 0 0 0 0 0 0 0 0
131 5 0 0 4 0 0 0 0 0
fl=/usr/src/debug/glibc-2.17-c758a686/libio/fileops.c
fn=_IO_do_write@@GLIBC_2.2.5
508 102 1 1 0 0 0 68 1 0
510 67 0 0 0 0 0 0 0 0
511 102 0 0 85 0 0 0 0 0
522 16 1 1 4 0 0 0 0 0
529 16 0 0 8 0 0 0 0 0
537 24 1 1 8 1 0 4 0 0
538 12 0 0 4 0 0 0 0 0
540 16 1 1 4 0 0 12 0 0
541 8 0 0 0 0 0 8 0 0
542 4 0 0 0 0 0 4 0 0
543 8 1 1 4 0 0 0 0 0
544 12 0 0 4 0 0 0 0 0
fn=_IO_file_overflow@@GLIBC_2.2.5
823 120 1 1 0 0 0 90 2 1
824 90 0 0 30 0 0 0 0 0
831 202 0 0 56 0 0 0 0 0
834 4 1 1 2 0 0 0 0 0
836 4 1 1 0 0 0 2 1 1
837 12 0 0 4 0 0 6 0 0
846 4 1 1 0 0 0 0 0 0
855 8 0 0 4 0 0 0 0 0
857 2 0 0 0 0 0 2 0 0
858 4 0 0 0 0 0 2 0 0
859 2 0 0 0 0 0 2 0 0
860 4 0 0 0 0 0 4 0 0
862 6 1 1 0 0 0 2 0 0
863 10 0 0 2 0 0 0 0 0
864 4 0 0 0 0 0 2 0 0
866 60 0 0 0 0 0 0 0 0
867 30 1 1 0 0 0 0 0 0
868 15 0 0 0 0 0 0 0 0
869 30 1 0 15 0 0 0 0 0
872 45 0 0 0 0 0 30 1 0
873 45 0 0 15 0 0 0 0 0
874 60 0 0 0 0 0 0 0 0
875 8 0 0 0 0 0 2 0 0
876 6 0 0 4 0 0 0 0 0
878 15 0 0 0 0 0 0 0 0
879 105 0 0 105 0 0 0 0 0
fn=_IO_file_setbuf@@GLIBC_2.2.5
460 2 1 1 0 0 0 1 0 0
461 3 0 0 0 0 0 1 0 0
464 2 0 0 0 0 0 2 0 0
465 2 0 0 1 0 0 1 0 0
466 3 0 0 0 0 0 3 0 0
468 1 0 0 0 0 0 0 0 0
469 2 0 0 2 0 0 0 0 0
fn=_IO_file_stat
1262 1 0 0 0 0 0 0 0 0
1263 3 0 0 1 0 0 0 0 0
fn=_IO_file_sync@@GLIBC_2.2.5
885 2 1 1 0 0 0 1 0 0
890 4 0 0 2 0 0 0 0 0
892 1 1 1 1 0 0 0 0 0
893 2 0 0 1 0 0 0 0 0
910 2 0 0 0 0 0 1 0 0
914 2 0 0 2 0 0 0 0 0
fn=_IO_file_write@@GLIBC_2.2.5
1294 112 1 1 0 0 0 64 0 0
1296 112 1 1 0 0 0 0 0 0
1300 48 0 0 16 0 0 0 0 0
1301 48 0 0 16 0 0 16 0 0
1302 32 0 0 0 0 0 0 0 0
1307 16 0 0 0 0 0 0 0 0
1308 16 0 0 0 0 0 0 0 0
1311 48 0 0 16 0 0 0 0 0
1314 144 1 1 80 0 0 0 0 0
fn=_IO_file_xsputn@@GLIBC_2.2.5
522 24 1 1 12 0 0 0 0 0
529 48 1 1 24 0 0 0 0 0
537 72 1 1 24 2 0 12 0 0
538 36 0 0 12 0 0 0 0 0
540 48 0 0 12 0 0 36 0 0
541 24 0 0 0 0 0 24 0 0
542 12 0 0 0 0 0 12 0 0
543 24 1 1 12 0 0 0 0 0
544 36 0 0 12 0 0 0 0 0
1321 152 2 1 0 0 0 114 1 0
1327 38 0 0 0 0 0 0 0 0
1328 19 0 0 0 0 0 0 0 0
1334 114 1 1 19 0 0 0 0 0
1336 18 0 0 12 1 0 0 0 0
1337 12 0 0 0 0 0 0 0 0
1340 116 0 0 0 0 0 0 0 0
1342 143 1 1 47 0 0 0 0 0
1344 8 0 0 0 0 0 0 0 0
1351 78 1 1 26 0 0 0 0 0
1355 12 0 0 0 0 0 0 0 0
1360 30 0 0 0 0 0 12 0 0
1365 6 0 0 0 0 0 0 0 0
1366 18 0 0 0 0 0 0 0 0
1368 57 0 0 0 0 0 0 0 0
1372 90 1 1 30 0 0 15 0 0
1378 30 0 0 30 0 0 0 0 0
1379 54 0 0 0 0 0 0 0 0
1381 45 0 0 0 0 0 0 0 0
1384 12 0 0 0 0 0 0 0 0
1385 24 0 0 0 0 0 0 0 0
1392 30 1 1 0 0 0 0 0 0
1393 6 0 0 0 0 0 1 0 0
1395 38 0 0 0 0 0 0 0 0
1396 152 0 0 133 0 0 0 0 0
fl=/usr/src/debug/glibc-2.17-c758a686/libio/genops.c
fn=_IO_cleanup
947 13 0 0 4 0 0 0 0 0
949 9 1 1 3 0 0 0 0 0
950 4 0 0 0 0 0 0 0 0
951 2 0 0 0 0 0 0 0 0
953 4 0 0 1 0 0 0 0 0
959 17 1 1 7 0 0 2 0 0
967 5 0 0 2 0 0 0 0 0
969 2 1 1 0 0 0 1 0 0
971 2 1 1 1 1 1 1 0 0
972 1 0 0 0 0 0 1 0 0
973 2 0 0 1 0 0 1 0 0
974 4 0 0 1 0 0 1 0 0
977 5 0 0 2 0 0 1 0 0
980 5 0 0 1 0 0 0 0 0
981 8 1 1 3 0 0 1 0 0
987 3 1 1 0 0 0 3 0 0
1007 5 1 1 0 0 0 4 0 0
1010 3 0 0 0 0 0 1 0 0
1022 7 0 0 5 0 0 0 0 0
fn=_IO_default_setbuf
401 5 0 0 1 0 0 0 0 0
403 1 0 0 0 0 0 1 0 0
404 1 0 0 0 0 0 1 0 0
408 2 1 1 0 0 0 1 0 0
558 6 1 1 0 0 0 3 0 0
559 4 1 1 2 0 0 1 0 0
561 2 0 0 0 0 0 0 0 0
563 2 0 0 0 0 0 1 0 0
564 2 0 0 0 0 0 0 0 0
568 2 0 0 1 0 0 0 0 0
571 3 0 0 0 0 0 3 0 0
572 3 0 0 0 0 0 3 0 0
573 1 0 0 0 0 0 0 0 0
574 4 1 1 4 0 0 0 0 0
fn=_IO_default_xsputn
448 4920 2 1 0 0 0 4100 3 2
451 4120 0 0 0 0 0 0 0 0
452 820 0 0 0 0 0 0 0 0
456 2536 1 1 1268 0 0 0 0 0
458 1857 0 0 0 0 0 0 0 0
461 1238 0 0 0 0 0 0 0 0
471 7428 1 1 0 0 0 0 0 0
475 8958 1 1 0 0 0 0 0 0
476 12594 1 1 3591 0 0 4210 3 2
479 619 0 0 0 0 0 0 0 0
481 1380 0 0 42 0 0 14 0 0
483 14 0 0 0 0 0 0 0 0
485 1240 0 0 0 0 0 0 0 0
486 4920 0 0 4920 0 0 0 0 0
fn=_IO_doallocbuf
403 1 0 0 0 0 0 1 0 0
404 1 0 0 0 0 0 1 0 0
408 2 0 0 0 0 0 1 0 0
415 8 1 1 0 0 0 6 1 0
416 4 0 0 2 0 0 0 0 0
418 9 1 1 3 0 0 0 0 0
419 5 0 0 2 0 0 1 0 0
421 3 1 1 0 0 0 0 0 0
422 8 0 0 8 0 0 0 0 0
fn=_IO_flush_all_lockp
819 8 1 1 0 0 0 6 0 0
820 1 0 0 0 0 0 0 0 0
825 3 0 0 0 0 0 0 0 0
830 1 0 0 1 1 1 0 0 0
831 1 1 1 1 1 0 0 0 0
832 8 1 1 0 0 0 0 0 0
834 3 0 0 0 0 0 3 0 0
835 6 1 1 0 0 0 0 0 0
836 2 0 0 1 0 0 0 0 0
838 21 2 2 9 3 1 0 0 0
848 6 1 1 0 0 0 0 0 0
850 3 0 0 0 0 0 3 0 0
852 9 1 1 3 0 0 0 0 0
859 3 0 0 3 2 1 0 0 0
863 2 0 0 0 0 0 0 0 0
865 2 0 0 0 0 0 0 0 0
869 9 0 0 7 0 0 0 0 0
fn=_IO_no_init
644 2205 1 1 0 0 0 980 0 0
645 245 0 0 0 0 0 245 0 0
646 245 1 1 0 0 0 245 0 0
648 490 0 0 0 0 0 0 0 0
666 245 1 1 0 0 0 245 0 0
667 1470 1 1 1225 0 0 0 0 0
fn=_IO_old_init
611 490 0 0 0 0 0 245 0 0
612 245 0 0 0 0 0 245 0 0
613 245 0 0 0 0 0 245 0 0
614 245 0 0 0 0 0 245 0 0
615 245 0 0 0 0 0 245 0 0
616 245 0 0 0 0 0 245 0 0
617 245 0 0 0 0 0 245 0 0
618 245 1 1 0 0 0 245 0 0
619 245 0 0 0 0 0 245 0 0
620 245 0 0 0 0 0 245 0 0
621 245 0 0 0 0 0 245 0 0
623 245 0 0 0 0 0 245 0 0
624 245 0 0 0 0 0 245 0 0
625 245 0 0 0 0 0 245 0 0
626 245 0 0 0 0 0 245 0 0
627 490 2 2 0 0 0 245 0 0
632 735 0 0 245 0 0 0 0 0
633 245 0 0 245 0 0 0 0 0
fn=_IO_setb
400 1230 1 1 0 0 0 492 0 0
401 984 0 0 492 0 0 0 0 0
403 246 0 0 0 0 0 246 0 0
404 246 0 0 0 0 0 246 0 0
406 1476 0 0 0 0 0 246 0 0
409 984 0 0 738 0 0 0 0 0
fn=__overflow
242 3 1 1 1 0 0 0 0 0
244 3 1 1 2 0 0 0 0 0
fl=/usr/src/debug/glibc-2.17-c758a686/libio/ioputs.c
fn=puts
34 4 1 1 0 0 0 3 0 0
36 2 0 0 0 0 0 1 0 0
37 19 2 2 11 4 0 1 0 0
39 2 1 1 0 0 0 0 0 0
40 3 0 0 1 1 0 0 0 0
41 6 1 1 2 0 0 1 0 0
42 9 0 0 3 0 0 1 0 0
43 4 1 1 0 0 0 0 0 0
47 5 0 0 4 0 0 0 0 0
fl=/usr/src/debug/glibc-2.17-c758a686/libio/libioP.h
fn=puts
889 2 0 0 1 0 0 0 0 0
890 8 0 0 4 0 0 1 0 0
fl=/usr/src/debug/glibc-2.17-c758a686/libio/strops.c
fn=_IO_str_init_static_internal
39 1960 1 1 0 0 0 980 0 0
43 490 0 0 0 0 0 0 0 0
45 245 1 1 0 0 0 0 0 0
46 980 1 1 0 0 0 0 0 0
49 1225 0 0 0 0 0 245 0 0
51 245 0 0 0 0 0 245 0 0
52 245 0 0 0 0 0 245 0 0
53 245 0 0 0 0 0 245 0 0
54 490 0 0 0 0 0 0 0 0
56 245 0 0 0 0 0 245 0 0
57 245 0 0 0 0 0 245 0 0
58 245 0 0 0 0 0 245 0 0
67 245 0 0 0 0 0 245 0 0
68 1470 0 0 1225 0 0 0 0 0
fl=/usr/src/debug/glibc-2.17-c758a686/libio/vsnprintf.c
fn=vsnprintf
100 1960 1 1 0 0 0 1225 0 0
104 245 0 0 0 0 0 245 0 0
109 1225 0 0 0 0 0 0 0 0
115 1470 1 1 0 0 0 245 0 0
116 490 0 0 0 0 0 245 0 0
117 245 0 0 0 0 0 245 0 0
118 1225 0 0 0 0 0 245 0 0
119 980 0 0 0 0 0 245 0 0
121 735 1 1 245 0 0 0 0 0
122 490 0 0 245 0 0 245 0 0
124 1715 0 0 1470 0 0 0 0 0
fl=/usr/src/debug/glibc-2.17-c758a686/malloc/arena.c
fn=malloc_hook_ini
376 3 1 1 1 1 1 0 0 0
fn=ptmalloc_init.part.8
337 171 0 0 57 8 0 0 0 0
339 112 0 0 56 24 0 0 0 0
340 2 0 0 1 0 0 0 0 0
341 2 0 0 1 0 0 0 0 0
355 56 0 0 0 0 0 0 0 0
374 6 1 1 0 0 0 5 0 0
377 1 0 0 0 0 0 1 0 0
385 2 0 0 1 0 0 0 0 0
386 7 2 2 0 0 0 1 0 0
387 4 0 0 2 1 0 0 0 0
392 3 1 1 1 1 0 1 1 0
393 12 1 1 1 1 0 6 2 2
395 5 0 0 2 1 0 0 0 0
411 2 1 1 0 0 0 0 0 0
460 2 0 0 0 0 0 0 0 0
465 2 0 0 2 2 0 0 0 0
466 2 0 0 0 0 0 0 0 0
468 1 0 0 0 0 0 1 1 0
469 7 0 0 6 0 0 0 0 0
fn=realloc_hook_ini
376 3 0 0 1 0 0 0 0 0
fl=/usr/src/debug/glibc-2.17-c758a686/malloc/hooks.c
fn=malloc_hook_ini
29 4 0 0 1 1 0 2 0 0
30 2 1 1 1 0 0 1 0 0
32 1 0 0 0 0 0 0 0 0
33 1 0 0 0 0 0 0 0 0
fn=realloc_hook_ini
38 2 1 0 1 0 0 1 0 0
39 2 1 1 1 0 0 1 0 0
41 1 0 0 0 0 0 0 0 0
fl=/usr/src/debug/glibc-2.17-c758a686/malloc/malloc.c
fn=_int_free
3778 5050 1 1 0 0 0 3030 0 0
3791 1515 0 0 505 0 0 0 0 0
3797 2020 0 0 0 0 0 0 0 0
3798 1010 0 0 0 0 0 0 0 0
3811 2020 1 1 0 0 0 0 0 0
3824 1010 0 0 505 0 0 0 0 0
3835 2020 0 0 505 0 0 0 0 0
3836 1515 0 0 505 0 0 0 0 0
3860 1515 1 1 505 0 0 0 0 0
3863 1515 0 0 1010 0 0 0 0 0
3864 1010 0 0 0 0 0 0 0 0
3865 1010 0 0 0 0 0 0 0 0
3868 505 0 0 505 0 0 0 0 0
3869 1010 0 0 0 0 0 0 0 0
3874 1010 0 0 0 0 0 0 0 0
3879 1010 1 1 0 0 0 0 0 0
3880 1500 0 0 500 0 0 0 0 0
3881 505 0 0 0 0 0 505 0 0
3883 3030 0 0 1010 0 0 0 0 0
3885 2010 0 0 0 0 0 0 0 0
4051 4040 1 1 3535 0 0 0 0 0
fn=_int_malloc
2273 6 2 2 2 2 0 2 0 0
2274 2 1 1 0 0 0 0 0 0
2284 2 0 0 1 1 1 0 0 0
2361 1 0 0 0 0 0 0 0 0
2379 3 1 1 0 0 0 0 0 0
2430 3 1 1 1 0 0 1 0 0
2439 5 0 0 1 0 0 0 0 0
2449 8 1 1 1 0 0 1 0 0
2457 2 0 0 0 0 0 0 0 0
2458 6 0 0 2 1 0 3 0 0
2459 3 0 0 2 0 0 0 0 0
2462 5 1 1 2 0 0 0 0 0
2464 2 0 0 2 0 0 0 0 0
2465 2 0 0 0 0 0 0 0 0
2482 1 0 0 0 0 0 0 0 0
2486 2 1 1 1 0 0 0 0 0
2508 2 0 0 1 1 1 0 0 0
2509 1 0 0 0 0 0 1 0 0
2510 3 1 1 1 0 0 1 0 0
2516 2 0 0 0 0 0 0 0 0
2519 8 3 3 1 0 0 0 0 0
2561 6 1 1 0 0 0 0 0 0
2580 2 0 0 0 0 0 1 0 0
2583 2 1 1 0 0 0 0 0 0
2584 7 0 0 2 0 0 0 0 0
2587 4 0 0 2 0 0 2 0 0
2599 4 0 0 2 0 0 0 0 0
2604 2 1 1 2 0 0 0 0 0
2605 3 0 0 1 0 0 0 0 0
2639 1 0 0 0 0 0 1 0 0
2640 4 0 0 0 0 0 1 1 1
2641 2 0 0 0 0 0 1 0 0
2652 2 1 1 0 0 0 0 0 0
2685 2 1 1 1 0 0 0 0 0
2686 1 0 0 0 0 0 1 0 0
2691 2 0 0 1 0 0 0 0 0
2694 2 0 0 0 0 0 0 0 0
2695 1 1 1 0 0 0 0 0 0
2696 1 0 0 0 0 0 0 0 0
2697 1 0 0 0 0 0 1 0 0
2698 8 0 0 0 0 0 1 0 0
2699 2 0 0 0 0 0 1 0 0
2701 1 0 0 0 0 0 0 0 0
3281 4040 1 1 0 0 0 3535 1 0
3311 5050 0 0 0 0 0 0 0 0
3319 1010 1 1 505 1 1 0 0 0
3320 1512 0 0 0 0 0 0 0 0
3321 1512 0 0 0 0 0 0 0 0
3322 504 0 0 504 0 0 0 0 0
3326 1008 0 0 0 0 0 0 0 0
3329 24 0 0 12 0 0 0 0 0
3330 12 0 0 0 0 0 0 0 0
3332 20 1 1 4 0 0 0 0 0
3357 1002 2 2 0 0 0 0 0 0
3358 1002 0 0 0 0 0 0 0 0
3359 1002 0 0 0 0 0 0 0 0
3361 1503 0 0 501 1 1 0 0 0
3362 2 0 0 0 0 0 0 0 0
3400 4 1 1 1 0 0 2 0 0
3419 2505 1 1 501 0 0 0 0 0
3551 1002 1 1 0 0 0 0 0 0
3622 501 0 0 0 0 0 0 0 0
3623 1002 0 0 0 0 0 0 0 0
3624 1002 0 0 0 0 0 0 0 0
3625 1002 0 0 501 0 0 0 0 0
3626 1002 0 0 0 0 0 0 0 0
3631 3006 2 1 0 0 0 0 0 0
3633 4008 0 0 0 0 0 0 0 0
3635 5511 1 1 1503 1 0 0 0 0
3708 4 0 0 0 0 0 0 0 0
3709 12 0 0 4 0 0 0 0 0
3731 501 0 0 501 0 0 0 0 0
3732 1002 0 0 501 0 0 0 0 0
3734 1503 0 0 0 0 0 0 0 0
3735 500 0 0 0 0 0 0 0 0
3736 500 0 0 0 0 0 0 0 0
3737 500 0 0 0 0 0 500 0 0
3738 4000 1 1 0 0 0 500 0 0
3740 1000 0 0 0 0 0 500 274 274
3743 500 0 0 0 0 0 0 0 0
3744 1500 0 0 500 0 0 0 0 0
3751 2 0 0 1 0 0 0 0 0
3755 1503 0 0 0 0 0 501 0 0
3757 12525 1 1 0 0 0 5010 0 0
3765 5 0 0 1 1 1 0 0 0
3770 4545 1 1 3535 0 0 0 0 0
4968 2004 1 1 0 0 0 1002 0 0
4970 1503 1 1 501 0 0 501 0 0
fn=_int_realloc
4172 405 1 1 0 0 0 270 0 0
4193 180 0 0 45 0 0 0 0 0
4194 135 0 0 45 0 0 0 0 0
4209 90 0 0 0 0 0 0 0 0
4210 135 1 1 45 0 0 0 0 0
4211 90 0 0 0 0 0 0 0 0
4212 90 0 0 0 0 0 0 0 0
4218 90 0 0 0 0 0 0 0 0
4226 180 0 0 45 0 0 0 0 0
4227 45 0 0 0 0 0 0 0 0
4228 45 1 1 0 0 0 0 0 0
4229 405 1 1 0 0 0 45 0 0
4230 90 0 0 0 0 0 45 0 0
4231 135 1 1 0 0 0 45 35 35
4233 90 0 0 0 0 0 0 0 0
4324 360 1 1 315 0 0 0 0 0
fn=calloc
3154 525 1 1 0 0 0 525 0 0
3164 210 0 0 0 0 0 0 0 0
3167 525 0 0 0 0 0 0 0 0
3175 210 0 0 210 1 0 0 0 0
3176 210 0 0 0 0 0 0 0 0
3178 3 1 1 1 0 0 1 0 0
3179 2 0 0 0 0 0 0 0 0
3181 4 1 1 0 0 0 0 0 0
3186 1040 1 1 416 0 0 0 0 0
3193 104 0 0 104 0 0 0 0 0
3194 208 1 1 104 0 0 0 0 0
3201 312 0 0 0 0 0 0 0 0
3208 416 0 0 0 0 0 104 0 0
3214 208 0 0 0 0 0 0 0 0
3223 416 1 1 208 0 0 0 0 0
3224 104 0 0 0 0 0 0 0 0
3227 312 0 0 104 0 0 0 0 0
3234 104 1 1 0 0 0 0 0 0
3237 820 1 1 104 0 0 0 0 0
3247 104 0 0 0 0 0 0 0 0
3248 208 0 0 0 0 0 0 0 0
3251 208 0 0 0 0 0 0 0 0
3255 104 0 0 0 0 0 104 0 0
3256 104 0 0 0 0 0 104 0 0
3257 208 1 1 0 0 0 104 0 0
3258 208 0 0 0 0 0 0 0 0
3259 103 0 0 0 0 0 103 0 0
3260 103 0 0 0 0 0 103 0 0
3261 206 0 0 0 0 0 0 0 0
3273 629 0 0 629 1 0 0 0 0
fn=free
2806 518 1 1 518 0 0 0 0 0
2892 2046 1 1 2046 1 1 0 0 0
2893 2046 0 0 0 0 0 0 0 0
2898 2046 0 0 0 0 0 0 0 0
2901 505 0 0 0 0 0 0 0 0
2903 1515 0 0 505 1 0 0 0 0
2919 1515 1 1 0 0 0 0 0 0
2920 1515 0 0 0 0 0 0 0 0
fn=malloc
2855 1604 1 1 0 0 0 802 0 0
2860 802 1 1 802 2 0 0 0 0
2861 802 0 0 0 0 0 0 0 0
2864 802 0 0 802 0 0 0 0 0
2866 3208 1 1 802 1 0 0 0 0
2869 1604 0 0 0 0 0 401 0 0
2870 802 0 0 0 0 0 0 0 0
2878 2005 0 0 802 0 0 0 0 0
2882 1604 0 0 1203 0 0 0 0 0
fn=malloc_consolidate
1813 381 0 0 0 0 0 0 0 0
1815 381 0 0 0 0 0 254 31 31
1819 3 0 0 0 0 0 0 0 0
1823 3 1 1 1 0 0 1 0 0
1824 2 0 0 0 0 0 1 0 0
1826 1 0 0 0 0 0 1 1 1
4068 8 2 2 0 0 0 6 1 0
4090 5 0 0 1 0 0 0 0 0
4163 9 1 1 7 0 0 0 0 0
fn=realloc
2926 414 1 1 0 0 0 276 0 0
2933 92 0 0 92 1 0 0 0 0
2934 92 0 0 0 0 0 0 0 0
2935 2 1 1 1 0 0 0 0 0
2938 180 1 1 0 0 0 0 0 0
2942 90 0 0 0 0 0 0 0 0
2945 45 0 0 0 0 0 0 0 0
2947 135 0 0 45 0 0 0 0 0
2953 180 1 1 0 0 0 0 0 0
2954 90 0 0 0 0 0 0 0 0
2960 360 0 0 0 0 0 0 0 0
2962 90 0 0 0 0 0 0 0 0
2980 135 1 1 0 0 0 0 0 0
2989 270 0 0 90 0 0 0 0 0
2998 315 1 1 0 0 0 90 0 0
3000 180 0 0 90 0 0 0 0 0
3004 90 0 0 0 0 0 0 0 0
3017 412 0 0 321 0 0 0 0 0
fl=/usr/src/debug/glibc-2.17-c758a686/malloc/morecore.c
fn=__default_morecore
47 2 1 1 0 0 0 0 0 0
48 2 0 0 0 0 0 2 0 0
50 6 1 1 0 0 0 0 0 0
52 6 0 0 2 0 0 0 0 0
fl=/usr/src/debug/glibc-2.17-c758a686/misc/../sysdeps/unix/sysv/linux/x86_64/brk.c
fn=brk
28 3 0 0 0 0 0 0 0 0
31 24 2 2 3 0 0 3 0 0
33 6 0 0 0 0 0 0 0 0
39 3 0 0 0 0 0 0 0 0
40 3 0 0 3 0 0 0 0 0
fl=/usr/src/debug/glibc-2.17-c758a686/misc/init-misc.c
fn=__init_misc
30 4 1 1 0 0 0 2 0 0
31 5 1 1 1 0 0 0 0 0
33 3 0 0 0 0 0 1 0 0
37 5 0 0 1 1 0 1 1 0
38 3 0 0 2 0 0 1 0 0
40 4 0 0 3 0 0 0 0 0
fl=/usr/src/debug/glibc-2.17-c758a686/misc/sbrk.c
fn=sbrk
34 8 1 1 0 0 0 6 0 0
42 11 0 0 5 3 1 0 0 0
43 12 1 1 2 0 0 2 0 0
46 4 0 0 0 0 0 0 0 0
50 4 0 0 0 0 0 0 0 0
53 3 0 0 0 0 0 1 0 0
57 10 0 0 8 0 0 0 0 0
fl=/usr/src/debug/glibc-2.17-c758a686/nptl/../nptl/sysdeps/unix/sysv/linux/register-atfork.c
fn=__linkin_atfork
116 2 1 1 1 1 1 1 0 0
117 6 0 0 2 1 0 0 0 0
119 1 0 0 1 0 0 0 0 0
fl=/usr/src/debug/glibc-2.17-c758a686/nptl/../nptl/sysdeps/unix/sysv/linux/unregister-atfork.c
fn=__unregister_atfork
28 4 0 0 0 0 0 2 0 0
36 2 1 1 2 1 0 0 0 0
39 8 0 0 0 0 0 0 0 0
40 6 0 0 2 0 0 0 0 0
45 2 0 0 2 1 0 0 0 0
121 4 0 0 4 0 0 0 0 0
fl=/usr/src/debug/glibc-2.17-c758a686/posix/../sysdeps/unix/sysv/linux/_exit.c
fn=_Exit
28 2 1 1 1 0 0 0 0 0
32 4 0 0 0 0 0 0 0 0
34 2 1 1 0 0 0 0 0 0
fl=/usr/src/debug/glibc-2.17-c758a686/setjmp/sigjmp.c
fn=__sigjmp_save
28 2 0 0 0 0 0 1 0 0
29 4 0 0 0 0 0 1 0 0
34 3 0 0 2 0 0 0 0 0
fl=/usr/src/debug/glibc-2.17-c758a686/stdio-common/_itoa.c
fn=_itoa_word
168 1032 1 1 0 0 0 0 0 0
170 516 0 0 0 0 0 0 0 0
179 28740 2 2 2352 2 1 2352 0 0
188 516 0 0 258 0 0 0 0 0
fl=/usr/src/debug/glibc-2.17-c758a686/stdio-common/fprintf.c
fn=fprintf
27 84 2 2 0 0 0 48 0 0
31 72 1 1 0 0 0 48 0 0
32 24 0 0 0 0 0 12 0 0
36 24 0 0 12 0 0 0 0 0
fl=/usr/src/debug/glibc-2.17-c758a686/stdio-common/printf-parse.h
fn=vfprintf
109 2451 2 2 0 0 0 1367 6 4
fl=/usr/src/debug/glibc-2.17-c758a686/stdio-common/printf.c
fn=printf
29 18 1 1 0 0 0 10 0 0
33 12 2 2 0 0 0 8 0 0
34 8 0 0 4 1 0 2 0 0
38 4 0 0 2 0 0 0 0 0
fl=/usr/src/debug/glibc-2.17-c758a686/stdio-common/vfprintf.c
fn=buffered_vfprintf
2286 72 1 1 0 0 0 48 2 0
2294 72 1 1 12 0 0 0 0 0
2298 12 0 0 0 0 0 12 2 1
2304 60 1 1 0 0 0 36 1 0
2305 12 0 0 0 0 0 12 1 0
2307 12 0 0 0 0 0 12 2 1
2312 12 0 0 0 0 0 12 2 1
2314 24 0 0 12 2 0 12 1 1
2315 24 0 0 0 0 0 12 0 0
2319 36 1 1 0 0 0 12 1 1
2325 72 1 1 24 2 0 24 0 0
2326 192 1 1 108 4 1 12 0 0
2338 60 0 0 24 0 0 0 0 0
2340 48 0 0 24 2 0 12 0 0
2341 36 0 0 0 0 0 0 0 0
2346 120 1 1 60 0 0 12 0 0
2347 24 0 0 0 0 0 0 0 0
2349 12 0 0 0 0 0 0 0 0
2350 72 0 0 60 0 0 0 0 0
fn=vfprintf
222 2981 2 2 0 0 0 1626 3 2
227 259 0 0 0 0 0 259 0 0
257 813 0 0 542 1 0 271 7 2
261 259 1 1 0 0 0 259 2 1
264 259 0 0 0 0 0 259 0 0
270 259 0 0 0 0 0 259 1 1
1271 1353 2 2 271 3 0 2 0 0
1275 1355 1 1 271 3 2 0 0 0
1286 542 0 0 0 0 0 0 0 0
1289 48 1 1 0 0 0 12 3 0
1293 259 0 0 0 0 0 259 0 0
1297 1554 0 0 777 0 0 777 5 3
1301 259 0 0 0 0 0 259 0 0
1308 259 0 0 0 0 0 259 1 0
1312 791 0 0 4 0 0 265 0 0
1313 30 1 1 16 1 0 2 0 0
1316 3367 2 2 777 3 0 777 0 0
1320 777 0 0 518 0 0 0 0 0
1324 1813 1 1 777 2 1 0 0 0
1351 283 0 0 0 0 0 283 0 0
1352 283 0 0 0 0 0 283 1 1
1353 283 0 0 0 0 0 283 0 0
1354 283 0 0 0 0 0 283 1 0
1355 283 0 0 0 0 0 283 3 2
1356 283 1 1 0 0 0 283 0 0
1357 283 0 0 0 0 0 283 0 0
1358 283 0 0 0 0 0 283 0 0
1359 283 0 0 0 0 0 283 0 0
1360 283 0 0 0 0 0 283 0 0
1361 283 0 0 0 0 0 283 0 0
1364 283 0 0 0 0 0 283 0 0
1365 283 0 0 0 0 0 283 0 0
1368 283 0 0 0 0 0 0 0 0
1369 283 0 0 0 0 0 0 0 0
1372 4811 3 3 1132 5 2 566 0 0
1533 849 0 0 0 0 0 283 2 1
1554 566 0 0 0 0 0 283 1 0
1634 29154 22 21 10320 0 0 3354 0 0
1635 1633 6 6 758 3 1 150 0 0
1652 72 0 0 24 0 0 0 0 0
1654 566 1 1 0 0 0 0 0 0
1656 283 0 0 0 0 0 0 0 0
1662 1132 0 0 283 0 0 566 0 0
1666 5660 1 1 1415 0 0 566 0 0
1668 566 1 1 283 0 0 0 0 0
2056 518 1 1 259 0 0 0 0 0
2058 518 0 0 259 0 0 259 0 0
2059 518 0 0 0 0 0 259 0 0
2061 534 1 1 267 0 0 2 0 0
2062 777 0 0 259 0 0 0 0 0
2064 259 0 0 259 0 0 0 0 0
2065 2168 0 0 1897 0 0 0 0 0
fl=/usr/src/debug/glibc-2.17-c758a686/stdlib/bsearch.c
fn=bsearch
26 312 2 2 0 0 0 208 1 0
31 26 0 0 0 0 0 0 0 0
33 388 0 0 0 0 0 0 0 0
35 348 1 1 0 0 0 0 0 0
36 528 0 0 174 0 0 0 0 0
37 522 1 1 174 0 0 174 0 0
38 348 0 0 0 0 0 0 0 0
39 122 0 0 0 0 0 0 0 0
40 52 0 0 0 0 0 0 0 0
41 46 0 0 0 0 0 0 0 0
46 20 0 0 0 0 0 0 0 0
47 208 2 2 182 0 0 0 0 0
fl=/usr/src/debug/glibc-2.17-c758a686/stdlib/cxa_atexit.c
fn=__cxa_atexit
34 2 0 0 0 0 0 1 0 0
36 2 0 0 0 0 0 0 0 0
40 3 1 1 1 0 0 0 0 0
42 1 0 0 0 0 0 1 0 0
43 1 0 0 0 0 0 1 0 0
44 1 0 0 0 0 0 1 0 0
46 1 0 0 0 0 0 1 0 0
47 1 0 0 0 0 0 0 0 0
56 6 1 1 0 0 0 3 0 0
58 4 0 0 4 0 0 0 0 0
fn=__new_exitfn
72 4 1 1 0 0 0 2 0 0
73 2 0 0 0 0 0 0 0 0
78 6 1 1 2 2 2 0 0 0
80 7 1 1 2 1 0 0 0 0
82 3 1 1 1 1 0 0 0 0
90 1 0 0 0 0 0 1 0 0
97 2 1 1 0 0 0 0 0 0
111 1 0 0 0 0 0 0 0 0
112 2 0 0 0 0 0 1 0 0
125 1 1 1 0 0 0 1 0 0
126 1 0 0 1 1 1 0 0 0
129 4 0 0 2 0 0 0 0 0
132 5 0 0 3 0 0 0 0 0
fl=/usr/src/debug/glibc-2.17-c758a686/stdlib/cxa_finalize.c
fn=__cxa_finalize
30 16 1 1 0 0 0 12 0 0
34 14 2 2 4 0 0 0 0 0
38 12 0 0 2 0 0 0 0 0
47 2 0 0 0 0 0 0 0 0
66 14 0 0 4 0 0 0 0 0
70 12 1 1 2 1 0 0 0 0
78 4 0 0 0 0 0 0 0 0
79 4 0 0 0 0 0 0 0 0
81 14 1 1 12 0 0 0 0 0
fl=/usr/src/debug/glibc-2.17-c758a686/stdlib/exit.c
fn=__run_exit_handlers
36 9 2 2 1 1 0 4 0 0
41 9 0 0 2 1 0 0 0 0
45 6 0 0 0 0 0 0 0 0
47 1 0 0 0 0 0 1 0 0
48 1 0 0 0 0 0 0 0 0
49 5 0 0 1 0 0 0 0 0
73 1 1 1 1 0 0 0 0 0
75 2 1 1 1 0 0 0 0 0
77 3 0 0 1 0 0 1 0 0
78 1 0 0 0 0 0 0 0 0
82 2 1 1 1 0 0 1 0 0
83 2 0 0 0 0 0 0 0 0
89 2 0 0 0 0 0 0 0 0
90 8 0 0 1 1 0 1 0 0
92 2 0 0 0 0 0 1 0 0
fn=exit
98 1 0 0 0 0 0 0 0 0
99 3 1 1 0 0 0 1 0 0
fl=/usr/src/debug/glibc-2.17-c758a686/stdlib/rand.c
fn=rand
26 100 1 1 0 0 0 0 0 0
27 100 0 0 0 0 0 100 0 0
28 200 0 0 100 0 0 0 0 0
fl=/usr/src/debug/glibc-2.17-c758a686/stdlib/random.c
fn=random
292 100 1 1 0 0 0 0 0 0
295 600 1 1 200 0 0 0 0 0
297 300 0 0 0 0 0 100 0 0
299 400 0 0 200 0 0 0 0 0
301 100 0 0 100 0 0 0 0 0
302 200 0 0 100 0 0 0 0 0
fn=srand
210 2 1 1 0 0 0 0 0 0
211 6 1 1 2 1 1 0 0 0
212 3 0 0 0 0 0 1 0 0
213 4 1 1 2 0 0 0 0 0
214 2 0 0 1 0 0 0 0 0
fl=/usr/src/debug/glibc-2.17-c758a686/stdlib/random_r.c
fn=random_r
366 1640 1 1 0 0 0 0 0 0
369 423 1 1 410 0 0 0 0 0
371 1230 1 1 410 0 0 0 0 0
380 410 0 0 410 0 0 0 0 0
381 410 0 0 410 0 0 0 0 0
382 410 0 0 410 0 0 0 0 0
385 1230 0 0 820 0 0 410 0 0
387 820 0 0 0 0 0 410 0 0
388 410 0 0 0 0 0 0 0 0
389 820 0 0 0 0 0 0 0 0
392 13 0 0 0 0 0 0 0 0
396 397 0 0 0 0 0 0 0 0
397 794 0 0 0 0 0 0 0 0
400 410 0 0 0 0 0 410 0 0
401 820 0 0 410 0 0 410 0 0
403 410 0 0 0 0 0 0 0 0
fn=srandom_r
164 5 1 1 0 0 0 3 0 0
172 2 0 0 0 0 0 0 0 0
174 1 0 0 1 1 0 0 0 0
175 2 0 0 0 0 0 0 0 0
178 1 0 0 1 0 0 0 0 0
180 3 0 0 0 0 0 0 0 0
182 1 1 1 0 0 0 1 1 1
183 2 0 0 0 0 0 0 0 0
188 1 0 0 1 0 0 0 0 0
189 95 0 0 0 0 0 0 0 0
194 211 0 0 0 0 0 0 0 0
195 60 1 1 0 0 0 0 0 0
196 90 0 0 0 0 0 0 0 0
198 90 0 0 0 0 0 0 0 0
199 30 0 0 0 0 0 30 1 1
202 3 0 0 1 1 0 1 0 0
203 2 0 0 0 0 0 1 0 0
204 1 0 0 0 0 0 0 0 0
205 934 1 1 0 0 0 0 0 0
208 930 0 0 0 0 0 310 0 0
212 1 0 0 0 0 0 0 0 0
216 5 0 0 4 0 0 0 0 0
fl=/usr/src/debug/glibc-2.17-c758a686/string/../string/memcmp.c
fn=bcmp
109 15 0 0 15 0 0 0 0 0
110 30 0 0 15 0 0 0 0 0
114 33 0 0 0 0 0 0 0 0
115 9 0 0 0 0 0 0 0 0
133 21 0 0 0 0 0 0 0 0
137 3 1 1 3 1 1 0 0 0
138 3 0 0 3 0 0 0 0 0
139 3 0 0 0 0 0 0 0 0
140 3 0 0 0 0 0 0 0 0
141 3 0 0 0 0 0 0 0 0
187 3 0 0 3 0 0 0 0 0
188 3 0 0 3 0 0 0 0 0
189 24 1 1 0 0 0 6 2 2
225 3 0 0 0 0 0 0 0 0
226 6 1 1 0 0 0 0 0 0
230 6 0 0 0 0 0 0 0 0
232 21 0 0 0 0 0 0 0 0
236 3 0 0 3 0 0 0 0 0
237 3 0 0 3 0 0 0 0 0
238 3 0 0 3 0 0 0 0 0
239 3 0 0 0 0 0 0 0 0
240 3 0 0 0 0 0 0 0 0
241 3 0 0 0 0 0 0 0 0
293 3 0 0 3 0 0 0 0 0
294 3 0 0 3 0 0 0 0 0
295 18 1 1 0 0 0 0 0 0
296 6 0 0 0 0 0 0 0 0
303 6 2 2 0 0 0 0 0 0
308 18 1 1 0 0 0 0 0 0
309 6 0 0 0 0 0 0 0 0
319 112 1 1 0 0 0 96 1 1
322 16 0 0 0 0 0 0 0 0
323 16 0 0 0 0 0 0 0 0
326 32 0 0 0 0 0 0 0 0
330 21 0 0 0 0 0 0 0 0
332 1 0 0 1 1 1 0 0 0
333 1 0 0 1 0 0 0 0 0
334 1 0 0 0 0 0 0 0 0
335 1 0 0 0 0 0 0 0 0
337 2 0 0 0 0 0 0 0 0
339 1 0 0 0 0 0 0 0 0
346 18 1 1 0 0 0 0 0 0
347 12 1 1 0 0 0 0 0 0
350 6 0 0 0 0 0 0 0 0
354 9 0 0 0 0 0 0 0 0
355 3 0 0 0 0 0 0 0 0
356 3 0 0 0 0 0 0 0 0
360 172 1 1 0 0 0 0 0 0
362 75 0 0 75 1 1 0 0 0
363 75 0 0 75 7 7 0 0 0
364 75 0 0 0 0 0 0 0 0
367 244 0 0 0 0 0 0 0 0
372 11 0 0 0 0 0 0 0 0
373 128 1 1 112 0 0 0 0 0
fl=/usr/src/debug/glibc-2.17-c758a686/string/../sysdeps/x86_64/cacheinfo.c
fn=handle_intel.isra.0
304 32 2 2 0 0 0 24 0 0
311 12 0 0 0 0 0 4 0 0
313 4 0 0 0 0 0 4 0 0
314 8 1 1 0 0 0 4 0 0
316 4 0 0 0 0 0 0 0 0
322 16 2 2 0 0 0 4 0 0
327 8 0 0 0 0 0 0 0 0
329 12 0 0 0 0 0 4 0 0
330 4 0 0 0 0 0 0 0 0
334 20 1 1 0 0 0 4 0 0
335 8 0 0 0 0 0 0 0 0
338 20 0 0 0 0 0 4 0 0
339 8 0 0 0 0 0 0 0 0
342 10 0 0 0 0 0 2 0 0
343 4 0 0 0 0 0 0 0 0
346 10 0 0 2 0 0 2 0 0
347 4 0 0 0 0 0 0 0 0
356 32 2 2 28 0 0 0 0 0
fn=init_cacheinfo
544 6 2 2 0 0 0 6 1 0
557 6 0 0 2 1 1 0 0 0
558 3 0 0 1 0 0 1 0 0
564 4 0 0 0 0 0 0 0 0
566 6 3 3 0 0 0 2 0 0
569 2 0 0 0 0 0 0 0 0
570 6 0 0 0 0 0 2 0 0
572 4 1 1 0 0 0 0 0 0
583 2 0 0 2 0 0 0 0 0
601 8 0 0 2 0 0 0 0 0
608 34 2 2 0 0 0 0 0 0
614 16 0 0 0 0 0 0 0 0
617 40 0 0 0 0 0 0 0 0
619 4 2 2 0 0 0 0 0 0
625 10 1 1 0 0 0 0 0 0
632 18 1 1 0 0 0 0 0 0
634 4 0 0 0 0 0 0 0 0
636 16 0 0 0 0 0 0 0 0
638 8 0 0 0 0 0 0 0 0
643 2 1 1 0 0 0 0 0 0
645 8 0 0 0 0 0 0 0 0
646 4 0 0 0 0 0 0 0 0
647 2 0 0 0 0 0 0 0 0
651 4 0 0 0 0 0 0 0 0
663 8 0 0 0 0 0 0 0 0
664 10 0 0 0 0 0 0 0 0
738 4 2 2 0 0 0 0 0 0
740 6 1 1 0 0 0 2 0 0
741 2 0 0 0 0 0 2 2 2
743 2 1 1 0 0 0 0 0 0
744 6 0 0 0 0 0 2 0 0
745 2 0 0 0 0 0 2 0 0
748 4 0 0 0 0 0 0 0 0
750 6 0 0 0 0 0 2 0 0
751 2 0 0 0 0 0 2 2 2
753 2 0 0 0 0 0 0 0 0
754 6 0 0 0 0 0 2 0 0
755 2 0 0 0 0 0 2 0 0
757 8 0 0 8 0 0 0 0 0
fn=intel_02_known_compare
150 522 2 2 348 16 16 0 0 0
151 6 1 1 0 0 0 0 0 0
153 504 0 0 168 0 0 0 0 0
154 6 0 0 6 0 0 0 0 0
fn=intel_check_word
161 96 2 2 0 0 0 72 0 0
162 36 0 0 0 0 0 0 0 0
164 8 1 1 0 0 0 0 0 0
168 108 1 1 0 0 0 0 0 0
170 68 1 1 0 0 0 0 0 0
172 26 2 2 0 0 0 0 0 0
174 52 0 0 0 0 0 0 0 0
182 52 0 0 0 0 0 0 0 0
235 52 0 0 0 0 0 0 0 0
270 26 0 0 0 0 0 26 0 0
271 176 2 2 0 0 0 26 0 0
273 52 0 0 0 0 0 0 0 0
275 24 0 0 6 0 0 0 0 0
277 4 2 2 0 0 0 0 0 0
279 8 0 0 0 0 0 0 0 0
281 8 0 0 4 0 0 0 0 0
289 4 0 0 0 0 0 0 0 0
295 22 0 0 0 0 0 0 0 0
300 96 0 0 84 0 0 0 0 0
fl=/usr/src/debug/glibc-2.17-c758a686/string/../sysdeps/x86_64/multiarch/memmove.c
fn=memcpy@GLIBC_2.2.5
49 1 1 1 0 0 0 0 0 0
fl=/usr/src/debug/glibc-2.17-c758a686/time/../sysdeps/unix/sysv/linux/x86_64/gettimeofday.c
fn=gettimeofday
30 1 0 0 0 0 0 0 0 0
31 5 1 1 0 0 0 4 0 0
34 3 0 0 0 0 0 1 0 0
35 3 0 0 0 0 0 0 0 0
36 3 0 0 1 0 0 0 0 0
fl=/usr/src/debug/glibc-2.17-c758a686/time/../sysdeps/unix/sysv/linux/x86_64/time.c
fn=time
36 2 2 1 0 0 0 0 0 0
37 10 0 0 0 0 0 8 0 0
40 12 1 1 0 0 0 2 0 0
41 6 0 0 2 0 0 0 0 0
fl=???
fn=???
0 3074 32 26 2915 12 0 57 1 1
fn=__libc_csu_init
0 34 2 2 8 1 1 8 0 0
fn=_dl_debug_initialize
0 5 1 1 4 0 0 0 0 0
fn=main
0 28 1 1 4 0 0 6 0 0
fn=memcpy@GLIBC_2.2.5
0 12 1 1 4 0 0 0 0 0
summary: 1801069 1081 1053 426665 2739 2040 146215 972 863
