version: 1
creator: callgrind-3.10.0
pid: 8472
cmd:  tests/BSTree_tests
part: 1


desc: I1 cache: 
desc: D1 cache: 
desc: LL cache: 

desc: Timerange: Basic block 0 - 448918
desc: Trigger: Program termination

positions: line
events: Ir
summary: 1554529


ob=(3) /usr/lib64/libc-2.17.so
fl=(68) /usr/src/debug/glibc-2.17-c758a686/setjmp/sigjmp.c
fn=(290) __sigjmp_save
29 2
-1 2
+1 2
+5 3

fl=(72) /usr/src/debug////////glibc-2.17-c758a686/string/../sysdeps/x86_64/strchrnul.S
fn=(304) strchrnul
26 550
+1 550
+1 550
+1 550
+1 550
+1 550
+1 550
+1 550
+1 550
+1 550
+1 550
+1 550
+1 550
+1 550
+1 550
+1 550
+1 550
+1 550
+1 550
+1 550
+2 12
+1 12
+1 12
+1 12
+1 12
+1 12
+1 12
+1 12
+1 12
+2 550
+1 550
+1 550

fl=(80) /usr/src/debug/glibc-2.17-c758a686/io/../sysdeps/unix/sysv/linux/wordsize-64/fxstat.c
fn=(340) _fxstat
36 1
-1 1
+1 1
+1 6
+4 1

fl=(52) /usr/src/debug/glibc-2.17-c758a686/csu/../csu/init-first.c
fn=(216) _init
52 8
+6 6
+17 1
fi=(53) /usr/src/debug/glibc-2.17-c758a686/csu/../sysdeps/unix/sysv/linux/x86_64/init-first.c
-35 2
fe=(52)
+33 1
+1 1
fi=(53)
-34 1
-2 2
fe=(52)
+37 1
fi=(53)
-37 3
+2 1
cfi=(41) /usr/src/debug/glibc-2.17-c758a686/elf/../sysdeps/unix/sysv/linux/dl-vdso.c
cfn=(164) _dl_vdso_vsym
calls=1 -13 
* 7
+1 2
+5 2
-3 2
+1 1
+2 1
cfi=(41)
cfn=(164)
calls=1 -19 
* 7
fe=(52)
+43 1
fi=(53)
-39 1
fe=(52)
+39 2
fi=(53)
-39 2
+1 2
+1 1
fe=(52)
+37 1
cfi=(54) /usr/src/debug/glibc-2.17-c758a686/misc/init-misc.c
cfn=(220) __init_misc
calls=1 -59 
* 75
+8 1
cfi=(56) /usr/src/debug/glibc-2.17-c758a686/ctype/ctype-info.c
cfn=(224) __ctype_init
calls=1 -65 
* 16
+5 6
-35 1
-9 1
+9 4
fi=(53)
-25 2
fe=(52)

fl=(78) /usr/src/debug/glibc-2.17-c758a686/stdio-common/printf.c
fn=(334) printf
29 16
+4 2
-4 2
+5 2
-1 10
+1 6
cfi=(71) /usr/src/debug/glibc-2.17-c758a686/stdio-common/vfprintf.c
cfn=(300) vfprintf
calls=2 222 
* 2548
+4 4

fl=(55) /usr/src/debug////////glibc-2.17-c758a686/string/../sysdeps/x86_64/strrchr.S
fn=(222) __GI_strrchr
25 1
+1 1
+1 1
+1 1
+1 1
+1 1
+1 1
+1 1
+1 1
+1 1
+1 1
+1 1
+1 1
+1 1
+1 1
+1 1
+1 1
+1 1
+1 1
+1 1
+1 1
+1 1
+1 1
+2 1
+1 1
+1 1
+1 1
+1 1
+1 1
+1 1
+1 1
+1 1
+1 1
+2 2
+1 2
+1 2
+1 2
+2 1
+1 1
+1 1
+1 1
+2 1
+1 1
+1 1
+1 1
+1 1
+2 1

fl=(96) /usr/src/debug/glibc-2.17-c758a686/stdlib/random_r.c
fn=(432) srandom_r
164 5
+8 2
+2 1
+1 2
+3 1
+2 3
+3 1
-1 1
+1 1
+5 1
+1 1
+5 1
-5 4
+5 7
+2 1
-1 2
+1 2
+2 3
+1 1
-10 3
+5 203
+2 29
-1 58
+1 58
+2 87
+1 29
-10 87
+13 1
+1 2
-1 2
+2 1
+1 4
+3 2
-3 1
+3 1
cfn=(434) random_r
calls=1 366 
* 26
* 618
-3 309
+3 309
cfn=(434)
calls=309 366 
* 8024
-3 620
+7 1
+4 5

fn=(434)
366 1640
+5 410
-2 410
+2 820
+9 410
+1 410
+1 410
+3 820
+3 410
-3 410
+2 410
+2 410
-2 410
+2 410
+7 397
+4 397
-3 794
+6 397
-2 794
-32 13
+23 13
+11 13
-3 13
+1 26

fl=(65) /usr/src/debug/glibc-2.17-c758a686/stdlib/cxa_atexit.c
fn=(268) __cxa_atexit
56 6
-22 2
cfn=(270) __new_exitfn
calls=1 +38 
* 39
+2 2
+4 1
+3 1
+1 1
-4 2
+2 1
+4 1
+1 1
+11 4

fn=(270)
72 1
+6 2
-6 3
+6 4
+2 4
-7 2
+9 3
-2 1
+10 1
-10 2
+45 1
+1 1
+3 4
+3 5
-35 2
+14 1
+1 2

fl=(100) /usr/src/debug////////glibc-2.17-c758a686/string/../sysdeps/x86_64/multiarch/memcpy.S
fn=(464) memcpy@@GLIBC_2.14
32 1
+1 1
+2 1
+1 1
+1 1
+1 1
+1 1
+1 1
+1 1
+1 1

fl=(112) /usr/src/debug/glibc-2.17-c758a686/posix/../sysdeps/unix/sysv/linux/_exit.c
fn=(594) _Exit
28 2
+4 1
+2 2

fl=(40) /usr/src/debug/glibc-2.17-c758a686/time/../sysdeps/unix/sysv/linux/x86_64/time.c
fn=(162) time
36 2
+1 2
+3 4
-3 8
+3 2
cfi=(41)
cfn=(164)
calls=2 -13 
* 14
* 6
+1 6

fl=(66) /usr/src/debug////////glibc-2.17-c758a686/setjmp/../sysdeps/x86_64/bsd-_setjmp.S
fn=(286) _setjmp
33 1
+2 1
cfi=(67) /usr/src/debug////////glibc-2.17-c758a686/setjmp/../sysdeps/x86_64/setjmp.S
cfn=(288) __sigsetjmp
calls=1 -9 
* 28

fl=(75) /usr/src/debug/glibc-2.17-c758a686/malloc/malloc.c
fn=(370) _int_malloc
3281 3535
+30 505
-30 505
+30 4545
+8 1010
+1 1512
+1 504
+1 504
-1 1008
+5 1008
+3 20
+1 4
-1 4
+1 8
+27 1002
+1 1002
+1 1002
+2 1503
+1 2
3709 4
-1 4
+1 8
+61 4545
3400 3
cfn=(372) malloc_consolidate
calls=1 4068 
* 793
* 1
3755 1
4970 2
3755 2
+2 25
4968 1
+2 1
-2 3
3419 2
3755 500
4970 1000
3755 1000
+2 12500
4968 500
+2 500
-2 1500
3419 2503
3551 1002
+71 501
+1 501
+1 501
-1 501
+1 501
+1 1002
+1 1002
+5 3006
+2 1503
+2 2004
-2 1503
+2 2004
-2 1002
+2 1503
+96 501
+3 501
-2 1002
+2 1002
+17 2
3332 20
3738 500
-3 500
+1 500
+7 500
-5 500
-1 500
+1 1000
+2 500
-2 1500
+6 500
-6 500
+2 500
+4 1000
2273 5
+11 1
-11 1
+11 1
+95 3
2685 2
+1 1
+5 2
+3 2
+4 1
-3 1
+3 1
-2 1
+2 3
+1 1
-1 1
-1 1
+1 2
+1 1
+2 1
3765 5
2274 2
2430 3
+9 5
+10 7
+8 1
-8 1
+8 1
+1 5
cfi=(88) /usr/src/debug/glibc-2.17-c758a686/malloc/morecore.c
cfn=(374) __default_morecore
calls=1 47 
* 62
+1 1
-1 1
+1 2
+3 5
+2 2
+1 2
+17 1
+26 2
+1 1
+1 2
2361 1
2516 1
-6 1
+6 1
-30 2
+33 6
+42 3
+19 2
+3 2
+1 6
+3 1
-3 1
+3 3
cfi=(88)
cfn=(374)
calls=1 47 
* 45
+12 4
+5 2
+1 3
+35 1
-1 1
+1 2
+12 1
-12 1
+1 2
+11 1
2519 2
+42 3

fn=(358) calloc
3154 105
+13 315
-13 210
+10 210
+3 105
-13 210
+13 105
+8 210
+1 210
+10 1040
+7 104
+8 104
-7 208
+7 208
+7 312
cfn=(370)
calls=104 +73 
* 14824
+6 104
-6 104
+6 104
+9 416
+4 312
+46 624
-36 104
-3 104
+3 208
-13 104
+13 208
+10 104
+1 208
+3 208
+7 104
-3 104
+1 104
+1 208
+1 104
+3 103
-2 103
+1 103
+1 103
-24 300
-59 3
cfi=(84) /usr/src/debug/glibc-2.17-c758a686/malloc/hooks.c
cfn=(360) malloc_hook_ini
calls=1 30 
* 57615
+1 2
+94 2
-92 3
+92 3
-92 1
cfi=(91) /usr/src/debug////////glibc-2.17-c758a686/string/../sysdeps/x86_64/memset.S
cfn=(380) __GI_memset
calls=1 43 
* 19

fn=(410) _int_free
3778 5050
+13 1515
+6 2020
+1 1010
+13 2020
+13 1010
+11 2020
+1 1515
+24 1515
+3 1515
+1 1010
+1 505
+3 505
-3 505
+9 1010
-5 1010
+10 1010
+1 1500
+1 500
+2 1500
-2 5
+2 1530
+2 2010
4051 4040

fn=(492) _int_realloc
4172 441
+21 196
+1 147
+15 98
+1 147
+1 98
+1 98
+6 98
+8 98
+98 392
-96 49
-1 49
-1 98
+3 245
+2 49
-2 49
+2 49
-2 98
+1 49
-1 49
+1 49
+1 49
+2 98

fn=(368) malloc
2855 1604
+5 802
+1 802
+3 802
+2 3208
+3 1203
cfn=(370)
calls=401 3281 
* 59562
+1 401
-1 401
+1 401
+8 2005
+4 1604

fn=(488) realloc
2926 441
+7 98
+1 98
+4 96
+4 96
+5 48
-2 48
+2 96
+6 192
+1 96
+6 384
+2 96
+18 144
+9 288
+9 288
cfn=(492)
calls=48 4172 
* 2736
* 48
+2 192
+4 96
+13 432
-79 96
-3 1
+82 7
-82 1
cfi=(84)
cfn=(490) realloc_hook_ini
calls=1 38 
* 135

fn=(489) realloc'2
2926 9
+7 2
+1 2
+4 2
+4 2
+5 1
-2 1
+2 2
+6 4
+1 2
+6 8
+2 2
+18 3
+9 6
+9 6
cfn=(492)
calls=1 4172 
* 57
* 1
+2 4
+4 2
+13 9
-79 2

fn=(312) free
2892 2062
+1 2062
+5 2062
+5 505
-2 505
+2 1010
+16 1515
+1 1515
cfn=(410)
calls=505 3778 
* 35830
2806 526

fn=(372)
4068 8
+22 2
+73 1
-73 3
1813 1
+2 3
-2 128
+2 378
-2 252
+6 3
+5 1
+2 1
-2 1
4163 8
1823 3

fl=(79) /usr/src/debug/glibc-2.17-c758a686/libio/filedoalloc.c
fn=(336) _IO_file_doallocate
96 5
+15 6
cfi=(76) /usr/src/debug/glibc-2.17-c758a686/libio/fileops.c
cfn=(338) _IO_file_stat
calls=1 1262 
* 14
* 2
+2 4
+11 3
+4 6
cfi=(81) /usr/src/debug////////glibc-2.17-c758a686/misc/../sysdeps/unix/syscall-template.S
cfn=(342) mmap
calls=1 -47 
* 6
* 2
+1 5
cfi=(73) /usr/src/debug/glibc-2.17-c758a686/libio/genops.c
cfn=(344) _IO_setb
calls=1 400 
* 21
+1 1
+1 5
-13 1
fi=(113) /usr/src/debug/glibc-2.17-c758a686/libio/../sysdeps/unix/sysv/linux/sys/sysmacros.h
-72 6
fe=(79)
+72 1
-2 2
+8 1
-3 1
+3 2

fl=(89) /usr/src/debug/glibc-2.17-c758a686/misc/sbrk.c
fn=(376) sbrk
34 2
+8 2
-8 6
+8 9
+4 4
+4 4
+3 1
cfi=(90) /usr/src/debug/glibc-2.17-c758a686/misc/../sysdeps/unix/sysv/linux/x86_64/brk.c
cfn=(378) brk
calls=1 -22 
* 13
* 2
+4 10
-14 4
cfi=(90)
cfn=(378)
calls=2 -12 
* 26
* 8

fl=(71)
fn=(302) buffered_vfprintf
2286 72
+8 36
+10 12
+15 12
-21 12
+7 12
+2 12
-3 36
+8 12
-8 12
+10 24
+1 24
+4 12
cfn=(301) vfprintf'2
calls=12 222 
* 14668
+6 12
-6 12
+6 60
+1 192
+12 60
+2 48
cfi=(76)
cfn=(314) _IO_file_xsputn@@GLIBC_2.2.5
calls=12 1321 
* 1995
+1 36
+5 24
+3 12
+1 72
-56 36
+52 96
+1 24

fn=(300)
222 2893
+35 789
1271 791
+4 1315
+11 526
+11 251
fi=(114) /usr/src/debug/glibc-2.17-c758a686/stdio-common/printf-parse.h
109 502
fe=(71)
1297 1255
fi=(114)
109 251
cfi=(72)
cfn=(304)
calls=251 -83 
* 5782
fe=(71)
1312 251
fi=(114)
109 251
fe=(71)
1308 251
+4 502
+4 1757
cfi=(73)
cfn=(306) _IO_default_xsputn
calls=249 448 
* 12824
cfi=(76)
cfn=(314)
calls=2 +5 
* 1167
* 753
2058 502
cfi=(75)
cfn=(312)
calls=251 2892 
* 1757
* 251
+1 502
cfi=(75)
cfn=(312)
calls=251 2892 
* 1757
* 251
+2 508
+1 747
+2 251
+1 2008
1271 522
+41 14
+1 30
-24 48
cfn=(302)
calls=12 2286 
* 17635
2065 96
-4 10
+1 6
1316 502
+4 251
-4 251
+4 502
+4 1757
270 251
-6 251
-3 251
1301 251
-8 251
227 251
1372 2008
-3 251
-1 251
-17 251
+1 251
+1 251
+1 251
+1 251
+1 251
+1 251
+1 251
+1 251
+1 251
+1 251
+3 251
+1 251
1554 502
-21 753
1372 2259
2056 502
1654 502
+8 251
fi=(114)
109 753
fe=(71)
1662 251
fi=(114)
109 251
fe=(71)
1662 251
fi=(114)
109 251
cfi=(72)
cfn=(304)
calls=251 -83 
* 5782
fe=(71)
1666 251
-4 251
+4 1255
cfi=(73)
cfn=(306)
calls=249 448 
* 9844
cfi=(76)
cfn=(314)
calls=2 1321 
* 418
* 1255
-10 251
+10 2008
+2 251
-2 251
+2 251
-34 12000
cfi=(76)
cfn=(314)
calls=1 1321 
* 73
cfi=(73)
cfn=(306)
calls=249 448 
* 24559
* 5250
cfi=(74) /usr/src/debug/glibc-2.17-c758a686/stdio-common/_itoa.c
cfn=(308) _itoa_word
calls=250 168 
* 30976
* 11000
+1 28
cfi=(76)
cfn=(314)
calls=1 1321 
* 167
* 39

fn=(301)
222 132
+35 36
1271 36
+4 60
+11 24
+11 12
fi=(114)
109 24
fe=(71)
1297 60
fi=(114)
109 12
cfi=(72)
cfn=(304)
calls=12 -83 
* 303
fe=(71)
1312 12
fi=(114)
109 12
fe=(71)
1308 12
+4 24
+4 84
cfi=(73)
cfn=(306)
calls=12 448 
* 972
* 36
2058 24
cfi=(75)
cfn=(312)
calls=12 2892 
* 84
* 12
+1 24
cfi=(75)
cfn=(312)
calls=12 2892 
* 84
* 12
+2 24
+1 36
+2 12
+1 96
1271 24
+45 24
+4 12
-4 12
+4 24
+4 84
270 12
-6 12
-3 12
1301 12
-8 12
227 12
1372 288
-3 36
-1 36
-17 36
+1 36
+1 36
+1 36
+1 36
+1 36
+1 36
+1 36
+1 36
+1 36
+1 36
+3 36
+1 36
1554 72
-21 108
1372 324
2056 24
1654 72
+8 36
fi=(114)
109 108
fe=(71)
1662 36
fi=(114)
109 36
fe=(71)
1662 36
fi=(114)
109 36
cfi=(72)
cfn=(304)
calls=36 -83 
* 891
fe=(71)
1666 36
-4 36
+4 180
cfi=(73)
cfn=(306)
calls=36 448 
* 2347
* 180
-10 36
+10 288
+2 36
-2 36
+2 36
-16 72
-18 576
cfi=(73)
cfn=(306)
calls=12 448 
* 767
* 252
cfi=(74)
cfn=(308)
calls=12 168 
* 492
* 528
+1 672
cfi=(73)
cfn=(306)
calls=24 448 
* 2086
* 894

fl=(77) /usr/src/debug////////glibc-2.17-c758a686/io/../sysdeps/unix/syscall-template.S
fn=(324) write
81 32
cfn=(326) __write_nocancel
calls=16 * 
* 80

fn=(326)
81 80

fl=(103) /usr/src/debug/glibc-2.17-c758a686/libio/strops.c
fn=(478) _IO_str_init_static_internal
39 1992
+4 498
+6 1245
cfi=(73)
cfn=(344)
calls=249 400 
* 5229
+5 249
-3 249
+1 249
+1 249
+1 249
+2 249
+1 249
+1 249
+9 249
+1 1494
-23 249
+1 996

fl=(45) /usr/src/debug/glibc-2.17-c758a686/string/../sysdeps/x86_64/multiarch/memmove.c
fn=(174) memcpy@GLIBC_2.2.5
49 1
-49 12

fl=(74)
fn=(308)
168 1048
+2 524
+9 29372
+9 524

fl=(95) /usr/src/debug/glibc-2.17-c758a686/stdlib/random.c
fn=(430) srand
210 2
+1 6
+1 3
cfi=(96)
cfn=(432)
calls=1 -48 
* 10520
+1 4
+1 2

fn=(442) random
292 100
+3 600
+2 300
cfi=(96)
cfn=(434)
calls=100 +69 
* 2597
+2 400
+2 100
+1 200

fl=(76)
fn=(592) _IO_file_sync@@GLIBC_2.2.5
885 1
+5 1
-5 1
+5 3
+2 1
+1 2
+17 2
+4 2

fn=(338)
1262 1
+1 3
cfi=(80)
cfn=(340)
calls=1 36 
* 10

fn=(316) _IO_file_overflow@@GLIBC_2.2.5
823 120
+1 90
+7 202
+35 60
+3 30
+3 45
+1 45
+1 60
+4 15
+1 60
-45 4
+12 4
+9 8
+8 2
-4 2
+3 4
-2 4
-3 2
+1 4
+5 2
-1 2
+1 6
+1 4
+12 4
-1 2
+1 2
-1 2
cfn=(320) _IO_do_write@@GLIBC_2.2.5
calls=2 508 
* 182
* 4
-8 15
+1 15
+11 45
-12 15
cfn=(320)
calls=15 508 
* 377
-31 4
cfi=(73)
cfn=(318) _IO_doallocbuf
calls=2 415 
* 135
+1 12

fn=(588) _IO_file_setbuf@@GLIBC_2.2.5
460 2
+1 1
cfi=(73)
cfn=(590) _IO_default_setbuf
calls=1 +97 
* 51
* 2
+4 2
-1 2
+2 3
+2 1
+1 2

fn=(322) _IO_file_write@@GLIBC_2.2.5
1294 112
+2 80
+11 16
+1 16
-12 32
+5 16
-1 48
+1 32
cfi=(77)
cfn=(324)
calls=16 81 
* 112
+1 32
+9 48
+3 144

fn=(314)
1321 19
+7 19
-7 133
+6 38
+7 114
+17 52
+4 12
+5 24
cfi=(82) /usr/src/debug////////glibc-2.17-c758a686/string/../sysdeps/x86_64/memcpy.S
cfn=(346) __GI_mempcpy
calls=6 61 
* 139
* 6
+6 6
-1 6
+1 12
+2 18
+27 38
+1 152
-45 26
+17 39
+4 60
cfn=(316)
calls=15 823 
* 898
* 30
+6 30
+1 54
+2 45
+11 30
+1 4
cfi=(73)
cfn=(306)
calls=1 448 
* 797
* 2
-57 18
+1 12
+3 18
+2 143
-2 98
+4 8
522 24
+15 60
cfn=(322)
calls=12 1294 
* 516
* 12
+1 36
+6 12
-4 12
+4 12
-4 36
+1 24
+3 12
1384 12
+1 12
542 12
1385 12
529 48
+14 24

fn=(320)
508 17
+2 17
-2 85
+2 34
+1 78
+11 16
+7 16
+8 20
cfn=(322)
calls=4 1294 
* 172
* 4
+1 12
+6 4
-4 4
+4 4
-4 12
+1 8
+3 4
-34 8
+32 4
-32 4
+1 16
-1 4
+1 8
+32 8

fl=(104) /usr/src/debug/glibc-2.17-c758a686/libio/ioputs.c
fn=(500) puts
34 4
+2 1
cfi=(105) /usr/src/debug////////glibc-2.17-c758a686/string/../sysdeps/x86_64/strlen.S
cfn=(502) __GI_strlen
calls=1 -11 
* 14
+1 1
-1 1
+1 18
+3 3
+1 4
cfi=(76)
cfn=(314)
calls=1 1321 
* 156
* 2
+1 4
+1 4
fi=(106) /usr/src/debug/glibc-2.17-c758a686/libio/libioP.h
889 2
+1 8
fe=(104)
47 5
-8 2
+3 2
cfi=(73)
cfn=(504) __overflow
calls=1 242 
* 137
* 3

fl=(70) /usr/src/debug/glibc-2.17-c758a686/stdio-common/fprintf.c
fn=(298) fprintf
27 84
+4 12
+1 12
-1 60
+1 12
cfi=(71)
cfn=(300)
calls=12 222 
* 18090
+4 24

fl=(109) /usr/src/debug/glibc-2.17-c758a686/stdlib/cxa_finalize.c
fn=(544) __cxa_finalize
30 6
+17 2
-17 10
+4 8
+4 12
-4 6
+32 8
+4 12
-4 6
+12 4
+3 2
-2 2
+2 12
-2 2
cfi=(110) /usr/src/debug/glibc-2.17-c758a686/nptl/../nptl/sysdeps/unix/sysv/linux/unregister-atfork.c
cfn=(546) __unregister_atfork
calls=2 -43 
* 26

fl=(54)
fn=(220)
30 4
+1 5
+2 3
cfi=(55)
cfn=(222)
calls=1 -8 
* 51
+4 5
+1 3
+2 4

fl=(56)
fn=(224)
32 5
+2 1
-2 2
+2 3
+2 5

fl=(105)
fn=(502)
25 1
+1 1
+1 1
+1 1
+1 1
+1 1
+1 1
+1 1
+1 1
+1 1
+1 1
+44 1
+1 1
+1 1

fl=(73)
fn=(584) _IO_cleanup
1007 1
+3 1
-3 2
-48 1
+48 2
+3 1
cfn=(586) _IO_flush_all_lockp
calls=1 819 
* 88
-63 1
+63 1
-63 3
+2 9
+2 2
-1 4
+3 4
+6 16
+8 5
+10 5
cfi=(76)
cfn=(588)
calls=1 460 
* 66
+3 2
+7 3
-40 9
+75 7
-53 1
+4 1
-4 1
+2 1
+1 1
+1 1
-2 1
+3 4
+6 3
+1 8

fn=(344)
400 1250
+1 1000
+3 250
+2 1000
-3 250
+3 500
+3 1000

fn=(306)
448 832
+4 832
-1 832
-3 4160
+3 3360
+20 7572
+5 82
-1 39
+1 13
-1 13
+1 13
-1 13
+1 12
-1 12
+1 12
-1 12
+1 60
+3 12
+2 24
-5 1857
+3 619
+2 1338
cfi=(76)
cfn=(316)
calls=14 823 
* 560
* 28
+2 14
-2 14
-25 2584
+2 1893
+3 1262
+24 1264
+1 4992
-11 1234
+1 1851
-1 1234
+1 8958
-1 6589

fn=(586)
819 3
+6 1
-6 5
+6 2
+6 1
-11 1
+10 1
+2 2
+4 2
-1 3
-1 3
+1 3
+3 9
+10 6
+4 3
-2 3
+2 6
+7 3
-27 6
+31 2
+2 2
+4 9
-31 12

fn=(590)
558 5
+1 1
-1 1
+1 1
cfi=(76)
cfn=(592)
calls=1 885 
* 13
* 2
+9 1
-7 1
+7 1
-7 1
401 1
563 1
+1 1
-1 1
+1 1
401 4
+7 1
-5 1
+1 1
+4 1
571 2
+2 1
-2 1
+1 3
+2 4

fn=(318)
415 6
+1 2
-1 2
+1 2
+6 4
-4 9
+1 3
cfi=(79)
cfn=(336)
calls=1 96 
* 94
* 2
-11 1
-5 1
+1 1
+4 1
+14 4
-1 3

fn=(476) _IO_old_init
627 249
-16 249
+1 249
+15 249
+5 249
-21 249
+2 249
+1 249
+1 249
+17 249
-16 249
+1 249
+1 249
+1 249
+1 249
+1 249
+2 249
+1 249
+1 249
+1 249
+6 249
+1 249

fn=(474) _IO_no_init
644 2241
+1 249
cfn=(476)
calls=249 -18 
* 5478
+3 249
-2 249
+2 249
+18 249
+1 1494

fn=(504)
242 3
+2 3
cfi=(76)
cfn=(316)
calls=1 823 
* 131

fl=(102) /usr/src/debug/glibc-2.17-c758a686/libio/vsnprintf.c
fn=(472) vsnprintf
100 1992
+9 249
-5 249
+5 996
+6 1494
cfi=(73)
cfn=(474)
calls=249 644 
* 10458
+1 249
+2 996
-2 249
+1 249
+1 249
cfi=(103)
cfn=(478)
calls=249 -79 
* 13944
+1 996
cfi=(71)
cfn=(300)
calls=249 222 
* 161596
+2 747
+1 498
+2 1743

fl=(88)
fn=(374)
47 2
+1 2
cfi=(89)
cfn=(376)
calls=2 -14 
* 91
+2 6
+2 6

fl=(90)
fn=(378)
31 3
-3 3
+3 21
+8 3
-6 6
+7 3

fl=(64) /usr/src/debug/glibc-2.17-c758a686/csu/libc-start.c
fn=(266) (below main)
134 7
+10 1
-10 3
+10 7
+62 1
-62 1
+62 1
+1 4
cfi=(65)
cfn=(268)
calls=1 56 
* 61
+22 6
+3 2
+1 5
cob=(6) /home/sora/cprogramming/ex41_dir/tests/BSTree_tests
cfi=(61) ???
cfn=(272) __libc_csu_init
calls=1 0 
* 55
+4 4
+15 2
+9 2
cfi=(66)
cfn=(286)
calls=1 33 
* 30
+1 2
+5 2
+1 2
+3 2
+3 6
cob=(6)
cfi=(69) /home/sora/cprogramming/ex41_dir/tests/BSTree_tests.c
cfn=(292) main
calls=1 166 
* 1434776

fl=(86) /usr/src/debug/glibc-2.17-c758a686/elf/dl-addr.c
fn=(364) _dl_addr
126 9
+5 1
-5 2
+5 2
cob=(1) /usr/lib64/ld-2.17.so
cfi=(2) /usr/src/debug/glibc-2.17-c758a686/elf/rtld.c
cfn=(46) rtld_lock_default_lock_recursive
calls=1 835 
* 2
+3 6
+1 4
+1 20
+1 2
30 1
+1 1
-1 1
+4 2
+5 1
+6 1
-7 1
+2 2
+2 1
-2 1
+2 1
+3 1
+5 7
+2 1
+1 2
-1 1010
+1 2020
+2 4924
+6 11045
+2 8836
+1 16189
+7 2209
-2 2209
+2 5429
-21 2022
+49 3
+1 1
+1 3
+3 2
+41 3
cob=(1)
cfi=(2)
cfn=(48) rtld_lock_default_unlock_recursive
calls=1 841 
* 2
+3 9
-13 9
-19 1
+1 1
+23 2

fl=(107) /usr/src/debug/glibc-2.17-c758a686/stdlib/exit.c
fn=(512) exit
99 1
-1 1
+1 2
cfn=(514) __run_exit_handlers
calls=1 -63 
* 2950

fn=(514)
36 9
+5 6
+4 3
-4 3
+4 3
+3 1
-1 1
+2 5
+33 1
+1 1
-1 1
+1 1
+6 2
+1 5
cfi=(73)
cfn=(584)
calls=1 1007 
* 255
* 3
+2 2
cfi=(112)
cfn=(594)
calls=1 -64 
* 5
-19 1
+4 2
-2 2
+2 1
cob=(1)
cfi=(108) /usr/src/debug/glibc-2.17-c758a686/elf/dl-fini.c
cfn=(516) _dl_fini
calls=1 +55 
* 2636
+1 1

fl=(97) /usr/src/debug/glibc-2.17-c758a686/stdlib/rand.c
fn=(440) rand
26 100
+1 100
cfi=(95)
cfn=(442)
calls=100 292 
* 4297
+1 200

fl=(87) /usr/src/debug/glibc-2.17-c758a686/nptl/../nptl/sysdeps/unix/sysv/linux/register-atfork.c
fn=(366) __linkin_atfork
116 2
+1 6
+2 1

fl=(85) /usr/src/debug/glibc-2.17-c758a686/malloc/arena.c
fn=(362) ptmalloc_init.part.8
374 6
+11 1
-8 1
+8 1
+7 2
+1 2
-1 1
+1 10
cfi=(87)
cfn=(366)
calls=1 116 
* 9
+2 5
+16 2
-72 112
+16 56
-18 171
460 2
+5 2
+1 2
+2 1
+1 7
-83 5
cfi=(86)
cfn=(364)
calls=1 126 
* 56001
* 2
+1 4
-47 2
+1 2

fl=(110)
fn=(546)
36 2
-8 4
+11 4
+1 6
+5 2
-6 4
+82 4

fl=(42) /usr/src/debug////////glibc-2.17-c758a686/string/../sysdeps/x86_64/multiarch/strnlen.S
fn=(166) strnlen
30 1
+1 1
+2 1
+1 1
+1 1
+2 1

fl=(82)
fn=(346)
61 6
+4 6
+3 6
+1 6
+2 5
+1 5
+2 5
+1 5
+5 5
+1 5
-1 1
+1 1
+2 3
+1 3
+2 3
+1 3
+5 3
+1 3
-1 3
+1 3
+2 1
+1 1
+2 1
+1 1
+5 1
+1 1
-1 5
+1 5
+2 2
+1 2
+2 2
+1 4
+5 2
+1 2
-1 4
+1 5
+5 1
+1 1
+1 1
+1 1
+2 1
+2 1
+1 1
+2 1
+6 6
+4 6

fl=(57) /usr/src/debug/glibc-2.17-c758a686/string/../sysdeps/x86_64/cacheinfo.c
fn=(228) handle_intel.isra.0
304 4
+12 2
-12 12
+9 2
+1 4
-3 6
+23 10
cfn=(230) intel_check_word
calls=2 161 
* 1478
+1 4
+3 10
cfn=(230)
calls=2 161 
* 735
+1 4
+3 5
cfn=(230)
calls=1 161 
* 31
+1 2
+3 5
cfn=(230)
calls=1 161 
* 194
+1 2
-25 4
+5 2
-5 4
+5 2
+2 2
+1 2
-1 4
+27 16

fn=(230)
161 48
+1 18
+6 48
+2 6
-2 6
+2 6
271 10
-89 26
+53 26
+36 65
-1 13
+1 13
cfi=(58) /usr/src/debug/glibc-2.17-c758a686/stdlib/bsearch.c
cfn=(232) bsearch
calls=13 26 
* 1979
+2 26
+2 12
+14 2
+6 11
170 22
+2 13
+2 26
-10 4
300 48
-23 2
+2 4
+2 4

fn=(226) init_cacheinfo
544 1
+13 1
-13 1
+13 1
-13 1
+13 1
+7 2
738 2
+2 1
+1 1
+2 1
-3 1
+5 1
-5 1
+4 3
+4 2
+2 1
+1 1
+2 1
-3 1
+5 1
+2 1
-7 1
+4 2
+3 1
-3 1
+3 2
566 2
cfn=(228)
calls=1 304 
* 1564
+4 1
-4 1
+4 1
cfn=(228)
calls=1 304 
* 982
+2 1
-2 1
-1 1
+3 1
+29 1
-18 1
+18 3
+7 2
+9 20
-9 12
+6 6
-6 3
+6 2
+49 4
+1 5
-45 2
+6 5
+7 2
+4 4
+2 4
-6 4
+4 1
-2 1
+2 1
-4 3
+4 1
-2 1
+2 1
+15 2
-8 1
+2 2
+1 1
-1 2
+1 1
+1 1

fn=(234) intel_02_known_compare
150 261
+3 252
-2 3
+3 3

fl=(58)
fn=(232)
26 13
+5 13
-5 117
+7 13
-7 26
+7 13
+7 26
+1 23
-8 46
+2 87
+2 87
-2 87
+1 261
+1 174
cfi=(57)
cfn=(234)
calls=87 150 
* 519
+1 174
+1 61
-6 122
+14 10
-1 10
+1 73
-11 3
+11 21

fl=(101) /usr/src/debug////////glibc-2.17-c758a686/string/../sysdeps/x86_64/multiarch/memcpy-ssse3-back.S
fn=(466) __memcpy_ssse3_back
59 200
+14 200
+1 200
+4 200
+1 200
+2 187
+1 187
+1 748
+4 52
2253 187
+1 187
+1 187
2829 13
+1 13
+1 13

fl=(81)
fn=(342)
81 5
+1 1

fl=(91)
fn=(380)
43 1
+1 1
+1 1
+4 1
+1 1
+1 1
+1 1
+2 1
+1 1
+2 1
+5 1
+1 1
+1 1
+1 1
+1 1
336 1
+1 1
+1 1
+1 1

fl=(39) /usr/src/debug/glibc-2.17-c758a686/csu/../sysdeps/x86_64/multiarch/init-arch.c
fn=(160) __init_cpu_features
52 1
-8 1
+8 1
+3 1
-3 1
+3 5
+92 2
+21 1
+1 1
+2 1
+1 2
64 1
-33 3
+6 1
+1 1
+26 1
-27 1
+1 1
+26 1
-27 1
+1 1
+26 1
+4 1
-37 1
+37 1
-37 2
+37 1
+1 1
-38 1
+38 1
+5 2
-17 1
+58 1
-38 8
+34 3

fl=(99) /usr/src/debug////////glibc-2.17-c758a686/string/../sysdeps/x86_64/multiarch/strlen-sse2-pminub.S
fn=(452) __strlen_sse2_pminub
32 649
+1 649
+1 649
+1 649
+1 649
+1 649
+1 549
+1 549
+1 549
+1 549
+1 549
+1 98
+1 98
+1 98
+2 100
+1 100
+1 100
+1 100
+1 100
+1 100
+1 100
+1 100
+1 100
+2 198
+1 198
+1 198
+1 198
+1 198
+1 198
+1 198
+1 198
224 451
+1 451
+1 451
+3 198
+1 198
+1 198
+1 198
+1 198

fl=(38) /usr/src/debug////////glibc-2.17-c758a686/string/../sysdeps/x86_64/multiarch/strcmp.S
fn=(158) strcasecmp
105 1
+1 1
+1 1
cfi=(39)
cfn=(160)
calls=1 -55 
* 54
+3 1
+1 1
+1 1
+2 1
+1 1
+1 1
+5 1

fn=(168) strncasecmp
129 1
+1 1
+4 1
+1 1
+1 1
+2 1
+1 1
+1 1
+5 1

fl=(84)
fn=(490)
38 2
+1 2
fi=(85)
376 3
fe=(84)
41 1
cfi=(75)
cfn=(489)
calls=1 2926 
* 127

fn=(360)
30 2
fi=(85)
376 3
fe=(84)
29 3
cfi=(85)
cfn=(362)
calls=1 374 
* 56409
* 1
+4 1
-1 1
cfi=(75)
cfn=(368)
calls=1 2855 
* 1195

fl=(98) /usr/src/debug////////glibc-2.17-c758a686/string/../sysdeps/x86_64/multiarch/strlen.S
fn=(450) strlen
32 1
+1 1
+2 1
+1 1
+1 1
+6 1
+1 1
+2 1

fl=(67)
fn=(288)
26 1
+9 1
+1 2
+1 1
+4 1
+1 1
+1 1
+1 1
+1 1
+2 2
+2 1
+1 1
+1 1
+2 2
+2 1
+9 1
cfi=(68)
cfn=(290)
calls=1 -35 
* 9

fl=(41)
fn=(164)
27 5
-1 5
+1 5
+4 10
-3 10

fl=(44) /usr/src/debug/glibc-2.17-c758a686/time/../sysdeps/unix/sysv/linux/x86_64/gettimeofday.c
fn=(172) gettimeofday
30 1
+1 1
+3 2
-3 4
+3 1
cfi=(41)
cfn=(164)
calls=1 -7 
* 7
+1 3
+1 3

fl=(43) /usr/src/debug////////glibc-2.17-c758a686/string/../sysdeps/x86_64/multiarch/memset.S
fn=(170) memset
27 1
+1 1
+2 1
+1 1
+1 1
+1 1
+1 1

ob=(6)
fl=(92) /home/sora/cprogramming/ex41_dir/src/lcthw/bstrlib.c
fn=(454) bfromcstralloc
214 200
+5 200
-5 1000
+5 400
+1 200
72 200
220 200
cob=(3)
cfi=(99)
cfn=(452)
calls=200 32 
* 2800
* 200
* 200
+1 1000
71 400
222 400
+2 400
cob=(3)
cfi=(75)
cfn=(368)
calls=200 2855 
* 35800
cob=(1)
cfi=(62) /usr/src/debug////////glibc-2.17-c758a686/elf/../sysdeps/x86_64/dl-trampoline.S
cfn=(260) _dl_runtime_resolve
calls=1 58 
* 899
* 204
+1 200
-1 200
+1 400
+1 400
+3 600
cob=(3)
cfi=(75)
cfn=(368)
calls=200 2855 
* 35800
* 200
* 600
+5 800
cob=(3)
cfi=(101)
cfn=(466)
calls=200 59 
* 2774
cob=(1)
cfi=(62)
cfn=(260)
calls=1 58 
* 916
* 204
+2 200
-1 200
+1 1000

fn=(390) bstrcmp
885 175480
+1 17548
-1 35096
+1 70192
-4 52644
+6 35096
+3 29984
+1 44976
+1 29984
+1 37085
-2 29226
+1 21809
+1 4650
-3 19484
+9 35096
-11 12194
-1 43664

fn=(494) bdestroy
996 200
-1 400
+1 1800
+1 200
-1 400
+4 200
cob=(3)
cfi=(75)
cfn=(312)
calls=200 2892 
* 17395
* 200
+5 200
+1 200
+3 200
-2 200
+2 200
cob=(3)
cfi=(75)
cfn=(312)
calls=200 2892 
* 17395
* 200
+1 200
+1 400

fn=(482) snapUpSize.part.0
77 147
+1 147
+1 147
+1 147
+2 196
+6 147
+4 49

fn=(444) bformat
2884 2600
+5 200
-5 200
+5 200
+6 200
cob=(3)
cfi=(99)
cfn=(452)
calls=200 32 
* 4200
cob=(1)
cfi=(62)
cfn=(260)
calls=1 58 
* 902
* 204
* 800
+1 400
cfn=(454)
calls=200 214 
* 89197
* 1000
+15 98
+2 49
-2 49
+2 98
cfn=(480) balloc
calls=49 98 
* 11159
* 147
-11 49
+1 196
-1 147
+1 49
-1 98
+1 49
cob=(3)
cfi=(102)
cfn=(472)
calls=49 100 
* 41160
* 49
-1 200
+1 800
-1 600
+1 200
-1 400
+1 200
cob=(3)
cfi=(102)
cfn=(472)
calls=200 100 
* 155794
cob=(1)
cfi=(62)
cfn=(260)
calls=1 58 
* 935
* 204
+3 249
-3 249
+3 498
+1 498
cob=(3)
cfi=(99)
cfn=(452)
calls=249 32 
* 4760
* 249
+2 249
-2 249
+2 249
+11 1700
-25 200

fn=(480)
98 392
+2 637
+1 147
+50 49
-46 98
-34 49
+1 49
-1 49
+40 294
+7 98
cob=(3)
cfi=(75)
cfn=(488)
calls=49 2926 
* 6253
cob=(1)
cfi=(62)
cfn=(260)
calls=1 -60 
* 933
* 53
+1 49
-1 49
+1 49
+29 49
-2 49
+1 49
+1 49
+3 49
+1 490
cfn=(482)
calls=49 -75 
* 980
* 49
-1 49
-43 98

fl=(69)
fn=(348) all_tests
154 1
+3 7
cob=(3)
cfi=(70)
cfn=(298)
calls=1 27 
* 1540
* 1
* 2
cfn=(350) test_create
calls=1 37 
* 58598
* 3
+7 2
-6 6
cob=(3)
cfi=(70)
cfn=(298)
calls=1 27 
* 1546
* 1
* 2
cfn=(382) test_get_set
calls=1 52 
* 1816
* 3
+1 6
cob=(3)
cfi=(70)
cfn=(298)
calls=1 27 
* 1552
* 1
* 2
cfn=(392) test_traverse
calls=1 -86 
* 7737
* 3
+1 6
cob=(3)
cfi=(70)
cfn=(298)
calls=1 27 
* 1540
* 1
* 2
cfn=(402) test_delete
calls=1 -73 
* 2065
* 3
+1 6
cob=(3)
cfi=(70)
cfn=(298)
calls=1 27 
* 1546
* 1
46 2
cfi=(83) /home/sora/cprogramming/ex41_dir/src/lcthw/BSTree.c
cfn=(412) BSTree_destroy
calls=1 -10 
* 103
162 6
-1 1
+1 1
cob=(3)
cfi=(70)
cfn=(298)
calls=1 27 
* 1546
* 1
* 2
cfn=(414) test_fuzzing
calls=1 -41 
* 1344099
* 2

fn=(350)
37 1
+1 2
cfi=(83)
cfn=(352) BSTree_create
calls=1 -26 
* 58588
* 2
+3 1
-2 2
+3 2

fn=(382)
52 1
+1 4
cfi=(83)
cfn=(384) BSTree_set
calls=1 +23 
* 251
+1 2
+16 2
-15 3
cfi=(83)
cfn=(386) BSTree_get
calls=1 +57 
* 47
+1 2
+2 4
cfi=(83)
cfn=(384)
calls=1 +18 
* 397
+1 2
+1 3
cfi=(83)
cfn=(386)
calls=1 +52 
* 195
+1 2
+2 4
cfi=(83)
cfn=(384)
calls=1 +13 
* 545
+1 2
+1 3
cfi=(83)
cfn=(386)
calls=1 +47 
* 343
+1 2
+2 2

fn=(392)
73 1
+1 3
cfi=(83)
cfn=(394) BSTree_traverse
calls=1 +65 
* 4627
+1 2
+9 2
-8 2
+3 2
-1 1
+1 1
cfi=(83)
cfn=(394)
calls=1 +60 
* 3089
+1 2
+1 2
+2 3

fn=(402)
87 1
+1 3
cfi=(83)
cfn=(404) BSTree_delete
calls=1 225 
* 1024
+1 2
+1 2
+27 2
-26 3
cfi=(83)
cfn=(386)
calls=1 +21 
* 163
+1 2
+2 3
cfi=(83)
cfn=(404)
calls=1 225 
* 164
+3 3
cfi=(83)
cfn=(404)
calls=1 225 
* 156
+1 2
+1 2
+1 3
cfi=(83)
cfn=(386)
calls=1 +12 
* 163
+1 2
+2 3
cfi=(83)
cfn=(404)
calls=1 225 
* 164
+3 3
cfi=(83)
cfn=(404)
calls=1 225 
* 153
+1 2
+1 2
+1 3
cfi=(83)
cfn=(386)
calls=1 +3 
* 13
+1 2
+2 3
cfi=(83)
cfn=(404)
calls=1 225 
* 15
+4 2

fn=(398) traverse_good_cb
18 3
+1 30
cob=(3)
cfi=(70)
cfn=(298)
calls=3 +8 
* 4521
* 3
+1 3
+2 9

fn=(400) traverse_fail_cb
25 2
+1 20
cob=(3)
cfi=(70)
cfn=(298)
calls=2 +1 
* 2996
* 2
+1 4
+2 2
-2 2
+2 2
+5 2
-5 2
+5 2

fn=(414)
121 1
+1 1
-1 2
+6 1
-6 4
+4 1
+1 1
-4 1
cfi=(83)
cfn=(352)
calls=1 12 
* 139
+3 1
-3 1
+3 103
+1 103
+1 2
cob=(7) /usr/lib64/valgrind/callgrind-amd64-linux
cfi=(94) ???
cfn=(422) 0x000000003805d65d
calls=1 0 
* 3
cob=(1)
cfi=(62)
cfn=(260)
calls=1 -69 
* 886
* 5
* 2
cob=(3)
cfi=(95)
cfn=(430)
calls=1 +83 
* 10537
cob=(1)
cfi=(62)
cfn=(260)
calls=1 -69 
* 875
* 5
* 1
+3 1
cob=(3)
cfi=(97)
cfn=(440)
calls=1 26 
* 47
cob=(1)
cfi=(62)
cfn=(260)
calls=1 -72 
* 861
* 5
* 99
cob=(3)
cfi=(97)
cfn=(440)
calls=99 26 
* 4650
* 99
+1 200
-1 100
+1 200
cfi=(92)
cfn=(444)
calls=100 2884 
* 130653
+1 100
-1 200
+1 300
cfi=(92)
cfn=(444)
calls=100 2884 
* 191330
+1 100
-1 100
+1 400
cfi=(83)
cfn=(384)
calls=100 -57 
* 56599
-4 201
+8 6
cfi=(83)
cfn=(404)
calls=1 +88 
* 175
* 594
cfi=(83)
cfn=(404)
calls=99 +88 
* 33426
+1 400
+1 300
cfi=(83)
cfn=(404)
calls=100 +86 
* 30621
* 600
+2 7601
+1 9800
cfi=(83)
cfn=(386)
calls=2450 -30 
* 815946
* 4900
+8 8
-6 200
cfi=(92)
cfn=(494)
calls=100 996 
* 19990
+1 200
cfi=(92)
cfn=(494)
calls=100 996 
* 20000
* 100
-9 200
+12 2
cfi=(83)
cfn=(412)
calls=1 36 
* 108
+1 2

fn=(292)
166 1
0 8
fi=(61)
cob=(3)
cfi=(70)
cfn=(298)
calls=1 27 
0 1507
cob=(1)
cfi=(62)
cfn=(260)
calls=1 58 
0 906
fi=(61)
0 5
fe=(69)
0 4
fi=(61)
cob=(3)
cfi=(78)
cfn=(334)
calls=1 29 
0 1759
cob=(1)
cfi=(62)
cfn=(260)
calls=1 58 
0 899
fi=(61)
0 5
fe=(69)
0 2
fi=(61)
cfn=(348)
calls=1 154 
0 1423762
0 7
fi=(61)
cob=(3)
cfi=(78)
cfn=(334)
calls=1 29 
0 831
fi=(61)
0 1
fe=(69)
0 4
fi=(61)
cob=(3)
cfi=(107)
cfn=(512)
calls=1 99 
0 2954
cob=(1)
cfi=(62)
cfn=(260)
calls=1 58 
0 869
fi=(61)
0 5
fe=(69)
0 2
fi=(61)
cob=(3)
cfi=(104)
cfn=(500)
calls=1 34 
0 371
cob=(1)
cfi=(62)
cfn=(260)
calls=1 58 
0 868
fi=(61)
0 5
fe=(69)
0 1

fl=(83)
fn=(352)
12 2
+1 2
-1 2
+1 4
cob=(3)
cfi=(75)
cfn=(358)
calls=2 3154 
* 57789
cob=(1)
cfi=(62)
cfn=(260)
calls=1 +45 
* 906
* 6
+1 4
+2 8
+10 4

fn=(412)
36 2
-1 4
+1 2
+1 4
cfn=(394)
calls=2 139 
* 22
+1 2
+2 2
-2 2
cob=(3)
cfi=(75)
cfn=(312)
calls=2 2892 
* 169
* 2

fn=(394)
139 12
+1 12
-15 8
+1 2
cfn=(396) BSTree_traverse_nodes
calls=2 -4 
* 6154
+1 4
+3 3
+14 1
-10 2
+10 2
-10 1
cfi=(69)
cfn=(398)
calls=1 18 
* 1523
+9 2
+1 12

fn=(384)
76 824
+1 311
-10 813
-22 511
+13 1533
cfn=(388) default_compare
calls=511 -50 
* 22658
* 303
cfn=(388)
calls=101 -50 
* 4254
+2 1224
+1 1023
-17 159
cob=(3)
cfi=(75)
cfn=(358)
calls=53 3154 
* 11673
* 53
+1 106
+2 53
+1 53
+1 53
+15 53
+23 53
-3 53
+3 265
-43 144
cob=(3)
cfi=(75)
cfn=(358)
calls=48 3154 
* 10563
* 48
+1 96
+2 48
+1 48
+1 48
+21 48
+14 48
+3 288
-43 6
cob=(3)
cfi=(75)
cfn=(358)
calls=2 3154 
* 351
* 2
+1 4
+2 2
+1 2
+1 2
+30 2
+8 8
-3 2
+3 4

fn=(386)
112 12280
+1 9823
-21 7365
cfn=(388)
calls=2455 -84 
* 96479
* 17781
cfn=(388)
calls=5927 -84 
* 253065
+2 16764
+2 13472
+7 23716
+16 6
-5 3
+5 6
-22 22629
-5 22629
cfn=(388)
calls=7543 -84 
* 293501
+2 15086
+23 2453
+2 9812

fn=(388)
8 17548
cfi=(92)
cfn=(390)
calls=17548 885 
* 694208

fn=(396)
122 18
+3 12
+5 6
+4 4
cfi=(69)
cfn=(400)
calls=1 25 
* 1518
cfi=(69)
cfn=(398)
calls=1 18 
* 1523
-7 6
+3 6
+5 2
-1 4
+1 12
-1 2
cfi=(69)
cfn=(400)
calls=1 25 
* 1518
cfi=(69)
cfn=(398)
calls=1 18 
* 1523

fn=(404)
225 1236
+3 822
-47 612
cfn=(388)
calls=204 8 
* 8228
* 2421
cfn=(388)
calls=807 8 
* 33571
+2 2022
+8 521
+1 1254
+45 103
-11 103
+11 412
-53 1495
+16 528
-51 52
-1 291
+27 135
+1 45
-1 45
+1 90
-20 45
+20 45
+31 45
-51 90
+1 90
+3 19
+7 90
+1 26
+65 13
cob=(3)
cfi=(75)
cfn=(312)
calls=13 2892 
* 1126
* 13
-65 90
+65 90
cob=(3)
cfi=(75)
cfn=(312)
calls=90 2892 
* 7825
cob=(1)
cfi=(62)
cfn=(260)
calls=1 58 
* 869
* 94
* 103
+4 515
-81 108
+1 64
+3 21
+8 144
-10 52
+55 111
-57 66
+1 40
+3 40
+4 8
-6 62
+6 8

fl=(61)
fn=(524) 0x0000000000402100
0 8

fn=(272)
0 16
cob=(2) ???
cfi=(14) ???
cfn=(274) 0x0000000000401e88
calls=1 0 
0 6
0 7
cfn=(278) 0x0000000000402190
calls=1 0 
0 15
0 11

fn=(520) 0x0000000000402170
0 5
cfn=(524)
calls=1 0 
0 8
0 3

fn=(252) 0x00000000004020d0
0 11
cob=(3)
cfi=(64)
cfn=(266)
calls=1 134 
0 1434982
cob=(1)
cfi=(62)
cfn=(260)
calls=1 58 
0 1056
0 5

fn=(278)
0 10

ob=(7)
fl=(94)
fn=(422)
0 2

ob=(6)
fl=(61)
fn=(278)
0 5

ob=(7)
fl=(94)
fn=(422)
0 1

ob=(4) /usr/lib64/valgrind/vgpreload_core-amd64-linux.so
fl=(48) ???
fn=(532) 0x0000000000000630
0 8
cob=(3)
cfi=(109)
cfn=(544)
calls=1 30 
0 59
cob=(1)
cfi=(62)
cfn=(260)
calls=1 58 
0 733
0 5
0 1
cfn=(550) 0x00000000000005c0
calls=1 0 
0 9
0 3

fn=(550)
0 9

fn=(196) 0x0000000000000670
0 16

ob=(1)
fl=(9) /usr/src/debug////////glibc-2.17-c758a686/string/../sysdeps/x86_64/rtld-strlen.S
fn=(18) strlen
28 14
+1 14
+1 14
+1 14
+2 9
+1 9
+2 9
+1 9
-1 24
+1 24
+1 32
+1 32
+1 32
+2 26
+5 13
+1 13
+1 13
+1 13
+3 13
-6 4
+1 4
+1 4
+1 4
+3 4
+1 16
+1 16
+1 16
+2 16
+3 12
+1 12
+1 12
+1 12
+3 12
+1 12
+1 12
+1 12
+2 12
+3 10
+1 10
+1 10
+1 10
+3 10
+1 5
+1 5
+1 5
+2 5
+3 4
+1 4
+1 4
+1 4
+3 4
+1 4
+1 4
+1 4
+2 4
+3 13
+2 13
+1 13
+1 11
+2 11
+1 11
+1 7
+2 7
+1 7
+1 7
+2 7
+1 7
+1 4
+2 4
+2 4
+1 4
+1 3
+2 3
+1 3
+1 2
+2 2
+1 2
+3 14
+1 14

fl=(27) /usr/src/debug/glibc-2.17-c758a686/elf/dl-misc.c
fn=(86) _dl_name_match_p
304 635
+1 254
cfi=(17) /usr/src/debug////////glibc-2.17-c758a686/string/../sysdeps/x86_64/strcmp.S
cfn=(50) strcmp
calls=127 134 
* 896
* 127
+1 127
-1 127
+3 127
+2 254
+4 128
-4 256
+1 405
cfi=(17)
cfn=(50)
calls=135 134 
* 2380
* 270
-5 7
+11 155
-1 120
+1 480

fn=(122) _dl_sysdep_read_whole_file
43 1
+7 1
-7 3
+7 1
-7 1
+1 1
-1 2
+7 1
cfi=(29) /usr/src/debug////////glibc-2.17-c758a686/io/../sysdeps/unix/syscall-template.S
cfn=(94) open
calls=1 +31 
* 5
+1 1
-1 1
+1 1
+2 4
cfi=(30) /usr/src/debug/glibc-2.17-c758a686/io/../sysdeps/unix/sysv/linux/wordsize-64/fxstat.c
cfn=(102) _fxstat
calls=1 -17 
* 10
* 2
+2 1
+3 1
-3 1
+3 1
+13 2
cfi=(29)
cfn=(112) close
calls=1 +10 
* 5
+3 7
-14 6
cfi=(31) /usr/src/debug////////glibc-2.17-c758a686/misc/../sysdeps/unix/syscall-template.S
cfn=(104) mmap
calls=1 +21 
* 6
* 2

fl=(32) /usr/src/debug////////glibc-2.17-c758a686/string/../sysdeps/x86_64/memset.S
fn=(108) memset
43 12
+1 12
+1 12
+4 12
+1 12
+1 12
+1 12
+2 12
+1 12
+2 10
+5 10
+1 10
+1 10
+1 10
+1 10
323 1
+1 1
+1 1
+1 1
+1 1
+1 1
+1 1
+1 1
+1 1
+1 1
+1 1
+1 1
+1 1
+1 1
+1 1
+1 1
+1 1
-12 1
+1 1
+1 1
+1 1
+1 1
+1 1
+1 1
+1 1
+1 1
+1 1
+1 1
+1 1
+1 1
-2 1
+1 1
+1 1
-1 1
+1 1
+24 2
+1 2
+1 2
-1 2
+1 2
+50 2
+1 2
+50 2
+1 2
+1 2
+35 2
+1 2
+1 2
+1 2
+1 2
+1 2
+1 2
+5 2
+1 2
+1 2
+1 2
+1 2
+36 1
+1 1
+37 2
1213 2
+1 4
+4 2
+1 2
+1 4
+5 2
+2 2
+1 2
+1 2
+1 2
+1 2
+1 2
+1 2
+1 2
+1 2
+1 2
+1 2
+1 2
+1 2
+1 2
+1 2
+1 2
+2 2
+2 2
-21 13
+2 13
+1 13
+1 13
+1 13
+1 13
+1 13
+1 13
+1 13
+1 13
+1 13
+1 13
+1 13
+1 13
+1 13
+1 13
+1 13
+2 13
+2 13
+3 2
+1 2
+6 2
+1 2
+1 2
+1 2
+1 2

fl=(50) /usr/src/debug/glibc-2.17-c758a686/csu/../sysdeps/x86_64/multiarch/init-arch.c
fn=(206) __init_cpu_features
52 1
-8 1
+8 1
+3 1
-3 1
+3 5
+92 2
+21 1
+1 1
+2 1
+1 2
64 1
-33 3
+6 1
+1 1
+26 1
-27 1
+1 1
+26 1
-27 1
+1 1
+26 1
+4 1
-37 1
+37 1
-37 2
+37 1
+1 1
-38 1
+38 1
+5 2
-17 1
+58 1
-38 8
+34 3

fl=(29)
fn=(96) read
81 12
+1 3

fn=(114) access
81 4
+2 5

fn=(94)
81 16
+1 4

fn=(112)
81 16
+1 4

fl=(63) /usr/src/debug/glibc-2.17-c758a686/elf/../elf/dl-runtime.c
fn=(262) _dl_fixup
68 34
+6 34
-6 51
+3 17
-1 17
+1 17
+3 17
+1 17
-1 34
+1 51
+1 17
-1 17
+1 34
+9 34
+4 51
+4 32
+1 64
+2 64
+7 51
-1 17
+8 34
+3 153
cfi=(6) /usr/src/debug/glibc-2.17-c758a686/elf/dl-lookup.c
cfn=(152) _dl_lookup_symbol_x
calls=17 716 
* 13455
* 17
+4 51
+4 68
+6 102
+16 17
-8 17
+8 51
+4 51
fi=(5) /usr/src/debug/glibc-2.17-c758a686/elf/../sysdeps/x86_64/dl-machine.h
+63 17
fe=(63)
-59 85
-64 2
fi=(93) /usr/src/debug/glibc-2.17-c758a686/elf/../sysdeps/x86_64/dl-irel.h
-55 3
cob=(3)
cfi=(100)
cfn=(464)
calls=1 * 
* 10
cob=(3)
cfi=(98)
cfn=(450)
calls=1 * 
* 8
cob=(3)
cfi=(40)
cfn=(162)
calls=1 +4 
* 22
* 6
fe=(63)

fl=(30)
fn=(102)
36 4
-1 4
+1 4
+1 24
+4 4

fl=(51) /usr/src/debug/glibc-2.17-c758a686/stdlib/bsearch.c
fn=(212) bsearch
26 13
+5 13
-5 117
+7 13
-7 26
+7 13
+7 26
+1 23
-8 46
+2 87
+2 87
-2 87
+1 261
+1 174
cfi=(49) /usr/src/debug/glibc-2.17-c758a686/string/../sysdeps/x86_64/cacheinfo.c
cfn=(214) intel_02_known_compare
calls=87 150 
* 519
+1 174
+1 61
-6 122
+14 10
-1 10
+1 73
-11 3
+11 21

fl=(12) /usr/src/debug/glibc-2.17-c758a686/string/../string/memcmp.c
fn=(26) bcmp
319 16
+3 16
-3 80
+4 16
-4 16
+7 32
+4 18
+2 1
+1 1
+1 1
+1 1
+2 2
+2 1
-9 3
+16 6
+1 12
-1 12
133 21
-18 9
350 6
+4 3
+2 3
-2 6
+1 3
+5 26
+2 11
+1 11
+1 11
+3 116
-3 64
-2 64
+1 64
+4 128
-7 146
+12 11
+1 128
232 3
-7 3
+1 3
+4 3
+2 3
-6 3
+4 3
+2 15
-95 3
+1 3
+1 3
+1 3
+1 3
+48 3
-2 3
+1 3
+1 21
-80 3
+1 6
+4 6
-5 12
+1 24
+4 27
238 3
+2 3
-4 3
+1 3
+4 3
-2 3
+56 6
-2 3
+2 6
-1 3
+1 6
+1 6
+12 18
+1 6
-6 6

fl=(7) /usr/src/debug/glibc-2.17-c758a686/elf/../elf/dl-sysdep.c
fn=(12) _dl_sysdep_start
86 7
+25 1
-1 1
+1 1
-25 1
+25 177
+6 1
-3 1
+1 1
-4 1
+3 1
+3 4
+1 6
-1 3
-29 1
-1 2
+31 105
-1 82
fi=(19) /usr/src/debug/glibc-2.17-c758a686/elf/../sysdeps/unix/sysv/linux/dl-sysdep.c
-82 2
cfi=(8) /usr/src/debug/glibc-2.17-c758a686/elf/../sysdeps/unix/sysv/linux/x86_64/brk.c
cfn=(14) brk
calls=1 -4 
* 12
fi=(5)
200 5
fe=(7)
+29 2
cfi=(10) /usr/src/debug/glibc-2.17-c758a686/elf/../misc/sbrk.c
cfn=(20) sbrk
calls=1 34 
* 17
* 3
+12 3
+3 6
cfi=(2)
cfn=(22) dl_main
calls=1 888 
* 111254
+1 1
+1 8
-95 1
+1 1
+27 1
+1 1
-17 1
+1 1
-7 1
+1 1
-4 1
+1 1
-25 1
+1 1
-4 1
+1 1
-7 1
+1 1
+2 1
+1 1
227 1
cfi=(9)
cfn=(18)
calls=1 28 
* 39
* 2

fn=(182) _dl_sysdep_start_cleanup
251 1

fl=(108)
fn=(518) _dl_sort_fini
33 9
+2 1
-2 4
+2 1
+6 1
-1 2
+2 1
-1 1
-1 2
+1 4
+1 1
cfi=(32)
cfn=(108)
calls=1 +1 
* 18
* 1
+15 8
+62 5
+3 27
cfi=(32)
cfn=(108)
calls=3 -79 
* 52
* 12
-75 6
-1 9
+1 3
+4 9
+71 1
-75 2
-1 3
+1 1
+4 11
+6 4
+1 4
-1 4
+1 7
+2 12
+1 6
-1 12
+1 9
+3 21
-1 30
+31 18
+21 6
-57 12
+61 16
+7 8

fn=(516)
132 3
+12 1
-12 5
+19 1
-6 1
+9 10
+3 2
cfi=(2)
cfn=(46)
calls=1 835 
* 2
+3 2
+3 2
+2 7
+11 3
+2 2
+3 9
+11 2
+2 10
+4 5
+2 5
-2 10
+6 5
-5 5
-7 15
+19 6
cfn=(518)
calls=1 33 
* 364
+9 2
cfi=(2)
cfn=(48)
calls=1 841 
* 2
+4 4
+2 1
+2 3
-2 4
+2 12
+3 10
+3 15
+4 6
+7 6
+4 3
+1 3
-1 3
+2 6
+1 10
+1 2
cob=(5) /usr/lib64/libdl-2.17.so
cfi=(59) ???
cfn=(562) 0x0000000000000f50
calls=1 0 
* 1104
* 6
cob=(5)
cfi=(111) /usr/src/debug/glibc-2.17-c758a686/dlfcn/dlerror.c
cfn=(558) fini
calls=1 -43 
* 11
cob=(4)
cfi=(48)
cfn=(532)
calls=1 0 
* 818
cob=(6)
cfi=(61)
cfn=(520)
calls=1 0 
* 16
-1 12
+5 9
+1 9
cob=(2)
cfi=(14)
cfn=(582) 0x0000000004c279d0
calls=1 0 
* 3
cob=(2)
cfi=(14)
cfn=(556) 0x0000000004a247e0
calls=1 0 
* 3
cob=(2)
cfi=(14)
cfn=(530) 0x00000000004086f4
calls=1 0 
* 3
+5 30
+16 10
-55 11
-70 2
284 6
-49 4
+55 2
+7 8

fl=(23) /usr/src/debug/glibc-2.17-c758a686/elf/dl-debug.c
fn=(70) _dl_debug_state
75 2

fn=(66) _dl_debug_initialize
51 10
+5 8
+5 2
-1 1
+1 2
+1 2
-1 2
-9 5
+4 10
+4 1
-1 1
-59 5

fl=(22) /usr/src/debug/glibc-2.17-c758a686/elf/dl-hwcaps.c
fn=(62) _dl_important_hwcaps
39 8
+2 1
-2 1
+3 1
-3 2
+3 1
-3 1
+2 3
+1 2
+9 1
-10 1
+10 2
+10 4
+42 1
+4 1
-1 8
+30 2
+8 2
+2 3
+1 2
+1 2
+3 2
+7 1
-7 1
+1 1
+7 1
-1 1
+4 3
+1 1
-1 6
+1 1
+18 12
+1 4
cfi=(15) /usr/src/debug/glibc-2.17-c758a686/elf/dl-minimal.c
cfn=(36) malloc
calls=1 -89 
* 34
* 1
+1 1
-1 1
+1 4
+26 1
+3 1
-3 2
+3 1
+28 9
+1 2
-1 2
+1 6
-1 8
+5 6
+3 1
-3 1
+3 2
-3 1
+3 1
-3 2
+3 1
-3 1
+3 2
-3 1
+3 3
+1 12
+1 4
-1 4
+1 8
-2 4
+1 8
-1 14
+4 4
+3 1
+2 2
-1 1
-1 2
+2 10
+13 2
+1 1
-1 1
+3 2
-3 2
+1 1
-1 1
+3 2
+3 3
+3 9
-65 4
cfi=(16) /usr/src/debug////////glibc-2.17-c758a686/string/../sysdeps/x86_64/memcpy.S
cfn=(64) mempcpy
calls=1 61 
* 22
+1 2
-1 2
+1 1
cfi=(16)
cfn=(64)
calls=1 61 
* 22
* 4

fl=(24) /usr/src/debug/glibc-2.17-c758a686/elf/dl-tls.c
fn=(140) _dl_determine_tlsoffset
145 1
+34 1
-34 1
+34 2
-45 1
+1 1
+2 1
-3 1
+2 1
-2 1
+43 1
-43 2
+50 1
-1 1
+5 2
-4 1
-1 1
+7 1
-7 1
+3 2
+2 1
+2 1
-2 2
+16 5
+2 1
+1 1
-1 2
+4 1
+6 1
-12 1
-25 5
+40 1
+53 4
-1 1
+1 3
-52 1
+52 1

fn=(142) _dl_allocate_tls_storage
350 1
+13 1
-13 2
+2 1
+11 2
cfi=(15)
cfn=(40) __libc_memalign
calls=1 51 
* 51
* 1
+1 1
-1 1
+1 1
+7 1
+4 306
-58 1
+1 1
-1 1
+1 2
cfi=(15)
cfn=(32) calloc
calls=1 102 
* 43
* 1
+1 2
+9 1
-6 1
+6 1
+64 5

fn=(178) _dl_add_to_slotinfo
854 6
+6 1
+3 2
+5 5
+41 1
+1 3
+1 6

fn=(126) _dl_next_tls_modid
53 3
+48 2
+4 1

fn=(68) _dl_count_modids
112 2
+1 2

fn=(180) _dl_allocate_tls_init
398 7
+1 1
-1 1
+1 1
+4 1
+8 1
-5 1
-1 1
-2 3
+13 6
+6 8
+27 2
+8 4
+1 1
+3 1
-2 4
cfi=(16)
cfn=(64)
calls=1 61 
* 23
* 4
cfi=(32)
cfn=(108)
calls=1 43 
* 32
* 2
-43 5
+6 2
+3 1
+1 2
+7 3
+3 2
-1 2
+38 2
+2 1
+1 8

fl=(35) /usr/src/debug/glibc-2.17-c758a686/elf/dl-version.c
fn=(132) _dl_check_all_versions
381 6
+4 4
-2 2
+4 35
cfn=(134) _dl_check_map_versions
calls=5 174 
* 4613
-2 5
+2 15
-1 5
-1 10
+5 7

fn=(136) match_symbol
76 88
+9 8
-8 8
-1 16
+1 8
+8 8
+6 24
+18 16
+5 16
+14 122
+12 159
+4 53
-30 106
+16 8
+3 32
cfi=(17)
cfn=(50)
calls=8 +1 
* 695
* 16
+35 64

fn=(134)
174 45
+15 5
-15 10
+15 10
+2 5
+3 5
-3 5
+2 5
+1 5
+2 5
-3 5
+3 5
+3 12
+4 18
+17 3
56 3
220 3
56 3
220 3
56 15
220 1
56 1
220 1
56 1
220 1
56 5
+1 14
-1 28
+2 54
cfi=(27)
cfn=(86)
calls=18 304 
* 1240
* 40
228 12
+5 32
+20 4
-16 103
cfn=(136)
calls=3 76 
* 528
* 15
cfn=(136)
calls=5 76 
* 919
* 8
+8 32
+3 32
+9 16
+5 1
+1 1
-80 2
-8 2
+96 15
+3 9
+10 29
-7 116
+3 87
-3 12
+3 9
+8 5
+86 5
-86 5
+87 8
-81 16
cfi=(15)
cfn=(32)
calls=4 102 
* 193
* 4
+1 4
-2 4
+2 4
+11 4
-3 4
+3 8
+2 12
+3 12
+4 12
+18 4
-15 12
+2 12
-2 12
+2 12
+2 8
+1 8
-1 16
+1 8
-1 8
+1 8
+1 8
-2 8
+2 16
+1 24
+3 24
+8 12
+5 1
+1 1
+4 12
+3 12
+20 29
-14 29
-2 29
+2 32
-2 3
+2 3
+4 29
+2 29
-1 58
+1 29
-1 87
+1 29
+1 29
+3 96
+10 4
-1 4
+1 28

fl=(34) /usr/src/debug/glibc-2.17-c758a686/elf/dl-cache.c
fn=(124) _dl_cache_libcmp
139 48
+1 36
+2 158
+2 79
-2 79
+2 4
+6 2
+2 2
-1 2
-1 2
+1 2
-1 2
+2 6
+2 10
+2 4
+6 154
+2 280
+4 63
+1 63
-29 126
+32 4
+1 4
-8 14
+8 28

fn=(120) _dl_load_cache_lookup
182 16
+8 4
+3 6
+45 5
+6 2
-6 1
+6 2
+8 2
+20 2
-20 2
+7 2
-7 4
+20 2
-13 4
-7 2
+7 2
+13 224
cfn=(124)
calls=14 139 
* 1028
* 64
-76 4
cfi=(27)
cfn=(122)
calls=1 43 
* 67
+8 1
-8 1
+8 4
+1 4
cfi=(12)
cfn=(26)
calls=1 319 
* 112
* 2
+7 1
-3 1
+3 3
+3 1
+1 2
-1 1
+1 1
+1 3
cfi=(12)
cfn=(26)
calls=1 319 
* 109
* 2
+2 2
+53 26
cfn=(124)
calls=2 139 
* 144
* 8
-12 6
+12 2
-12 4
-1 4
+13 46
+16 4
+5 18

fn=(184) _dl_unload_cache
303 4
-1 1
+3 2
cfi=(31)
cfn=(186) munmap
calls=1 81 
* 5
+1 1
+2 2

fl=(26) /usr/src/debug////////glibc-2.17-c758a686/setjmp/../sysdeps/x86_64/setjmp.S
fn=(80) __sigsetjmp
26 6
+9 6
+1 12
+1 6
+4 6
+1 6
+1 6
+1 6
+1 6
+2 12
+2 6
+1 6
+1 6
+2 12
+2 6
+4 6
+1 6

fl=(2)
fn=(78) _dl_initial_error_catch_tsd
795 14

fn=(48)
841 12

fn=(130) version_check_doit
654 2
+2 4
cfi=(35)
cfn=(132)
calls=1 381 
* 4702
* 2
+4 2

fn=(2) _dl_start
359 9
+18 4
fi=(3) /usr/src/debug/glibc-2.17-c758a686/elf/get-dynamic-info.h
44 1
fe=(2)
377 1
fi=(5)
58 3
fi=(3)
-14 1
fe=(2)
406 1
-3 1
fi=(3)
44 1
+17 2
-3 1
-7 1
+5 1
+3 1
+2 1
-3 1
-3 1
-3 2
-5 32
+15 16
-18 48
+18 1
-18 3
+2 44
+5 24
+1 20
+10 5
-18 15
+25 2
+20 4
+1 4
+1 4
+1 4
+2 4
+5 4
+1 4
+1 4
fe=(2)
539 34
fi=(4) /usr/src/debug/glibc-2.17-c758a686/elf/do-rel.h
111 1
-28 1
+28 2
fi=(5)
475 3
fi=(4)
111 2
fi=(5)
475 1
fi=(4)
111 1
fi=(5)
475 30
fi=(4)
111 20
fi=(5)
475 10
fi=(4)
111 10
+13 1
fi=(5)
287 1
fi=(4)
124 2
+13 1
+2 2
-2 1
fi=(5)
241 1
fi=(4)
137 1
fi=(5)
269 1
fi=(4)
137 2
fi=(5)
269 1
fi=(4)
137 7
+2 14
-2 7
fi=(5)
241 7
fi=(4)
137 7
fi=(5)
269 7
fi=(4)
137 14
fi=(5)
269 7
+9 16
+3 8
-3 16
+3 24
+6 48
fi=(3)
53 4
+3 4
+3 4
+1 1
+1 2
fe=(2)
541 1
282 74
+12 2
cfi=(6)
cfn=(10) _dl_setup_hash
calls=1 865 
* 23
+1 2
+1 2
+1 2
+1 2
+21 1
+10 1
-10 3
+10 1
-6 1
-4 1
+10 1
cfi=(7)
cfn=(12)
calls=1 86 
* 111769
* 1
+9 4
+3 1
+4 1
-4 1
+4 1
566 9
fi=(5)
376 8
+9 8
fi=(4)
124 25
fe=(2)

fn=(22)
888 1
+19 1
-19 10
+19 1
+3 1
2494 1
888 1
2494 1
910 1
+4 1
-26 1
2490 1
914 1
+1 2
+5 2
2487 2
+7 1
-5 1
+5 8
+2 2
cfi=(11) /usr/src/debug/glibc-2.17-c758a686/elf/dl-environ.c
cfn=(24) _dl_next_ld_env_entry
calls=1 30 
* 354
* 2
cfi=(11)
cfn=(24)
calls=1 30 
* 6
* 6
+4 19
+1 7
-1 21
+3 2
+6 8
+21 4
cfi=(12)
cfn=(26)
calls=1 319 
* 26
* 2
2658 3
+30 3
928 2
-2 1
+2 2
1124 7
cfi=(13) /usr/src/debug/glibc-2.17-c758a686/elf/dl-object.c
cfn=(28) _dl_new_object
calls=1 62 
* 244
* 1
+3 1
+1 1
+5 2
-5 1
+1 3
+4 1
cfi=(13)
cfn=(44) _dl_add_to_namespace_list
calls=1 33 
* 34
* 2
897 2
1163 1
-3 1
-5 1
+1 1
+2 1
+5 6
+56 2
894 1
1219 2
-55 24
-1 27
+1 47
-1 2
1266 3
+3 2
+2 2
+2 2
+13 2
+1 9
cfi=(17)
cfn=(50)
calls=1 134 
* 7
* 4
+11 1
-4 1
+1 1
-3 1
+6 1
+6 2
fi=(3)
29 1
+9 2
+6 1
-2 1
+2 2
+7 1
+5 1
+3 1
+2 1
-3 1
-3 2
-3 12
+10 3
-18 9
+8 20
+10 20
-18 60
+18 1
-18 3
+2 48
+5 16
+2 4
+16 3
+67 3
+14 3
+18 2
fe=(2)
1309 2
cfi=(6)
cfn=(10)
calls=1 865 
* 23
+3 2
fi=(18) /usr/src/debug/glibc-2.17-c758a686/elf/setup-vdso.h
24 2
fe=(2)
1334 1
cfi=(19)
cfn=(56) _dl_discover_osversion
calls=1 45 
* 93
* 8
1168 3
+1 1
+90 2
+1 2
+1 1
-6 2
+1 1
-37 2
-1 2
+1 4
-1 2
+2 4
+1 1
+3 2
+1 2
-1 2
+1 2
+1 2
+1 6
+1 2
-45 1
+9 1
-9 1
+9 1
-7 1
+25 1
-25 1
-3 1
+10 1
-19 3
+1 1
fi=(3)
56 4
+3 4
+1 1
+1 3
fe=(2)
2537 4
cfi=(12)
cfn=(26)
calls=1 319 
* 80
* 2
+2 3
1339 2
cfi=(21) /usr/src/debug/glibc-2.17-c758a686/elf/dl-load.c
cfn=(60) _dl_init_paths
calls=1 710 
* 528
+3 3
cfi=(23)
cfn=(66)
calls=1 51 
* 17
+7 1
-7 1
+2 1
+5 1
+3 3
+1 1
+3 1
-3 3
+1 2
+3 1
+5 1
-7 1
+7 1
+1 5
+4 1
+4 1
-2 4
+1 2
+1 3
+5 2
+1 6
+2 2
+1 2
+5 2
+5 3
903 1
1567 1
cfi=(24)
cfn=(68)
calls=1 112 
* 4
* 1
+8 3
+3 2
+4 3
+7 1
+4 3
+19 3
+31 3
cfi=(29)
cfn=(114)
calls=1 81 
* 9
* 2
+77 4
+17 3
+1 1
-1 1
+1 2
-1 1
+1 3
-1 1
+1 2
cfi=(33) /usr/src/debug/glibc-2.17-c758a686/elf/dl-deps.c
cfn=(116) _dl_map_object_deps
calls=1 147 
* 11214
+1 1
+2 1
+3 1
-5 3
+2 2
+3 4
+1 4
-1 2
+1 16
-1 8
+4 3
+1 3
+1 1
+2 2
+1 5
-1 5
+1 6
-1 9
-28 1
+1 1
-1 7
+4 1
+1 1
-1 1
+2 2
1507 2
1766 1
-1 2
+1 1
+2 1
+2 3
+2 1
-4 1
+4 2
+15 2
+1 3
+11 1
+2 1
-2 1
+2 1
-2 1
+2 1
-2 1
+1 1
+1 1
cfi=(25) /usr/src/debug/glibc-2.17-c758a686/elf/dl-error.c
cfn=(128) _dl_receive_error
calls=1 197 
* 4742
+10 1
+1 1
-1 1
+1 1
+1 1
cfn=(138) init_tls
calls=1 721 
* 599
* 1
+2 2
850 1
fi=(36) /usr/src/debug/glibc-2.17-c758a686/elf/../sysdeps/unix/sysv/linux/dl-osinfo.h
86 2
fe=(2)
852 1
+6 3
fi=(36)
112 1
fe=(2)
863 1
+2 1
+6 1
1820 2
2053 3
+56 1
+4 1
+7 1
-11 1
+4 3
+4 2
+3 1
+8 2
+46 3
+7 1
+2 11
+2 1
+2 15
+5 10
+2 10
+8 5
-2 5
+2 10
+1 32
cfi=(37) /usr/src/debug/glibc-2.17-c758a686/elf/dl-reloc.c
cfn=(146) _dl_relocate_object
calls=4 154 
* 82488
+4 17
-22 14
+25 4
+2 1
+6 1
-6 1
+6 1
+9 4
+2 1
+5 2
cfi=(24)
cfn=(180)
calls=1 398 
* 132
+4 2
+16 2
+29 1
cfi=(7)
cfn=(182)
calls=1 251 
* 1
+4 3
+20 3
cfi=(23)
cfn=(66)
calls=1 51 
* 8
+1 1
-1 1
+2 1
cfi=(23)
cfn=(70)
calls=1 75 
* 1
+1 1
+4 1
cfi=(34)
cfn=(184)
calls=1 303 
* 15
+5 8
2196 1
+1 1
-3 2
+14 2
cfi=(24)
cfn=(178)
calls=1 854 
* 24
* 1
+46 2
+15 1
+3 1
-3 1
+3 1
-3 2
+3 2
-3 1
+2 1
+1 1
cfi=(37)
cfn=(146)
calls=1 154 
* 5942
+1 4
+2 3
2103 1
896 2
1763 2
1619 2
cfi=(9)
cfn=(18)
calls=1 28 
* 106
* 8
cfi=(16)
cfn=(42) memcpy
calls=1 61 
* 86
* 1
+3 3
-12 1
+12 2
+3 3
cfi=(15)
cfn=(72) strsep
calls=1 340 
* 795
* 3
cfi=(15)
cfn=(72)
calls=1 340 
* 4
* 6
+1 2
+1 3
+2 4
cfn=(74) do_preload
calls=1 801 
* 2554
* 2
-42 2
+1 1
cfi=(23)
cfn=(70)
calls=1 75 
* 1
* 1
1328 3
1631 1
+1 1
-1 3
+1 1
+1 3

fn=(82) map_doit
622 2
+2 7
cfi=(21)
cfn=(84) _dl_map_object
calls=1 2082 
* 2457
* 1
+2 2

fn=(46)
835 12

fn=(74)
801 1
+12 1
-12 5
+10 1
-4 1
+1 1
+5 4
-10 1
+6 1
+4 1
cfi=(25)
cfn=(76) _dl_catch_error
calls=1 159 
* 2527
+1 2
+8 3
+6 5

fn=(138)
721 1
-1 1
-6 1
+2 2
+4 1
+10 2
-4 1
+4 2
cfi=(15)
cfn=(32)
calls=1 102 
* 43
* 1
-1 1
+6 1
-9 1
+11 1
+6 1
-1 1
+1 12
+2 10
+4 1
+2 1
-2 2
-5 10
+12 1
cfi=(24)
cfn=(140)
calls=1 145 
* 56
+7 1
cfi=(24)
cfn=(142)
calls=1 350 
* 428
+1 1
-1 1
+1 1
+6 1
+8 1
-8 1
+8 6
+4 2
+3 2

fl=(10)
fn=(20)
34 4
+8 6
+4 2
+11 5

fl=(13)
fn=(28)
62 44
+1 4
-1 8
+1 4
cfi=(9)
cfn=(18)
calls=4 -35 
* 205
+6 4
-6 12
+6 44
+7 16
cfi=(15)
cfn=(32)
calls=4 +26 
* 198
* 4
+3 4
-3 4
+3 4
+4 4
+5 4
-6 4
+6 4
-5 4
+5 4
-1 8
+1 4
cfi=(16)
cfn=(42)
calls=4 -27 
* 120
* 4
+4 4
-2 4
+3 4
-1 4
+1 16
+3 4
-3 4
+3 4
+9 4
-7 4
+4 4
+3 9
+2 2
-2 2
+2 30
-2 30
+12 4
+6 4
-5 4
-1 4
+6 12
-2 4
+2 8
+2 9
+3 9
+4 9
+4 9
+2 1
+6 1
+3 2
+3 5
-3 6
+3 15
+2 3
+4 3
-4 3
cfi=(9)
cfn=(18)
calls=3 28 
* 144
* 6
+4 3
-4 3
+4 9
+64 6
+4 32
-88 9
-39 9
+39 3
+70 9
cfi=(16)
cfn=(64)
calls=3 61 
* 103
* 3
+5 51
+1 51
-1 51
+1 54
-1 3
+1 9
+5 6
-57 6
cfi=(15)
cfn=(36)
calls=3 -67 
* 102
* 3
+1 3
-1 3
+1 9

fn=(44)
33 8
+2 4
-2 12
+2 4
cfi=(2)
cfn=(46)
calls=4 835 
* 8
+2 29
+4 6
-1 27
+2 3
+2 3
+4 3
+4 3
-4 6
+1 6
+1 6
+2 3
+1 9
-1 3
cfi=(2)
cfn=(48)
calls=3 841 
* 6
-4 1
+4 1
-4 2
+1 2
+1 2
+2 1
+1 3
-1 1
cfi=(2)
cfn=(48)
calls=1 841 
* 2
-5 2

fl=(31)
fn=(106) mprotect
81 32
+1 8

fn=(104)
81 55
+1 11

fn=(186)
81 4
+1 1

fl=(15)
fn=(32)
102 10
+7 30
-3 10
+3 20
+4 10
cfn=(36)
calls=10 -20 
* 387
* 10

fn=(36)
93 23
+1 46
cfn=(40)
calls=23 -43 
* 737
* 23

fn=(40)
51 96
+1 118
+11 23
+1 23
-1 23
+3 23
-3 23
+3 46
-3 1
+1 1
-1 1
+3 1
-3 1
+3 86
+4 12
+1 9
+6 21
cfi=(31)
cfn=(104)
calls=3 +4 
* 18
+2 15
+4 9
+3 3
+1 3
+2 15
-3 21
+1 21
+2 168
-31 3
+1 1
-2 3

fn=(72)
340 2
+1 4
+4 103
+7 294
-2 196
+10 49
-15 148
+18 1
+4 2

fl=(6)
fn=(10)
865 15
+4 5
+4 10
+2 5
-1 5
+4 5
+4 5
-4 5
+1 10
+2 5
-2 5
+3 5
+2 5
+1 5
+1 20
+1 5

fn=(152)
716 1476
477 123
716 246
477 369
-1 246
+2 123
-1 123
+1 369
-1 369
+1 1450
-1 1450
+1 4350
-1 4596
718 123
+4 123
+9 123
-13 123
+15 123
-14 246
+14 123
-2 123
+6 984
+2 1599
cfn=(154) do_lookup_x
calls=123 82 
* 58466
+3 246
+3 13
-8 52
-7 246
+40 246
+24 110
+1 770
+26 110
+9 550
+14 330
+3 440
+5 110
+2 984
-82 91
+18 13
+1 26
+54 2

fn=(156) check_match.9347
132 770
+1 220
+2 220
+2 330
-2 220
+12 330
+3 368
cfi=(17)
cfn=(50)
calls=37 -16 
* 2755
* 74
+5 110
-1 110
+1 110
-1 110
+1 110
+2 216
+19 216
+1 864
+46 660
-18 4
+2 4
+1 8
-1 4
+1 2
-1 4
-29 324
cfi=(17)
cfn=(50)
calls=108 -44 
* 9365
* 432

fn=(154)
82 1107
+1 123
-6 123
+5 369
-5 861
+11 123
+1 123
233 123
-3 123
+3 123
-3 369
98 123
-3 123
+1 123
+2 123
+3 123
-3 123
+3 123
-3 386
-3 386
+1 386
+2 386
+3 386
-3 386
+3 386
+4 1026
+4 1016
+4 1016
+7 1524
+4 1016
+1 1524
226 508
+1 1016
+4 1016
-2 508
+5 2032
+4 1016
-1 1016
+1 508
-1 1016
+21 398
+24 796
462 2175
+1 455
cfi=(27)
cfn=(86)
calls=91 304 
* 4263
* 546
+3 1197
+3 26
287 812
+4 271
+13 110
+1 110
-1 110
+1 110
+1 110
470 984
241 516
-1 258
+2 258
+2 375
+10 378
-7 1180
+2 220
+1 440
-1 660
+1 330
cfn=(156)
calls=110 132 
* 17940
+1 550

fl=(11)
fn=(24)
30 2
+3 7
+2 112
+11 55
-13 165
-2 1
+19 1
-14 13
+5 1
-3 1
+3 1
+2 1

fl=(28) /usr/src/debug////////glibc-2.17-c758a686/string/../sysdeps/x86_64/strchr.S
fn=(88) index
25 9
+1 9
+1 9
+1 9
+1 9
+1 9
+1 9
+1 9
+1 9
+1 9
+1 9
+1 9
+1 9
+1 9
+1 9
+1 9
+1 9
+1 9
+1 9
+1 9
+1 9
+2 10
+1 10
+1 10
+1 10
+1 10
+1 10
+1 10
+1 10
+1 10
+2 9
+1 9
+1 2
+1 2
+1 2
+1 2
+1 8
+1 9

fl=(8)
fn=(14)
31 1
-3 1
+3 6
+8 1
-6 2
+7 1

fl=(33)
fn=(116)
147 1
+1 1
-1 2
+1 1
-1 1
+1 1
-1 1
+1 2
-1 5
+1 1
-1 1
+1 2
+16 1
-2 1
+1 1
-15 1
+16 1
+6 3
+10 1
-10 1
+10 3
-14 1
-4 1
+2 1
+17 1
-17 1
-2 2
+2 1
-2 1
+2 1
-2 1
+1 1
+1 1
+6 3
+10 1
-10 1
+10 3
-16 3
+20 1
+21 1
+1 1
-22 2
+19 1
-12 1
+15 1
-16 1
+13 1
347 9
211 1
+8 1
-4 1
+4 1
-8 4
+8 4
-4 4
+4 4
+12 10
+2 3
+11 3
-5 3
-6 6
+5 3
+2 6
+1 6
+3 12
-32 3
+32 6
+50 10
+1 9
-51 312
+1 156
+6 25
cfi=(28)
cfn=(88)
calls=5 25 
* 170
* 10
+5 25
-3 5
+3 5
cfi=(25)
cfn=(76)
calls=5 -97 
* 9085
+2 15
+15 5
+2 10
+5 3
+6 3
+4 3
-10 6
+3 3
+1 3
+6 3
-5 3
+1 3
+4 3
-2 3
+2 6
-2 9
-57 8
-19 2
475 10
+2 9
+3 6
-1 3
cfi=(15)
cfn=(36)
calls=3 93 
* 102
* 3
+2 3
-2 3
+2 3
+3 3
+1 12
+1 3
-1 6
cfi=(16)
cfn=(42)
calls=3 61 
* 68
+1 12
cfi=(16)
cfn=(42)
calls=3 61 
* 68
+4 3
-1 3
+5 20
+3 12
-1 5
+1 10
204 1
501 6
+1 2
+3 6
+11 3
-1 1
cfi=(15)
cfn=(36)
calls=1 93 
* 34
* 1
+3 1
-3 1
+3 1
+5 6
+1 1
-1 3
+3 12
+6 12
+4 4
-10 4
+10 4
-10 9
+6 3
+4 1
-10 1
+10 1
-10 3
+13 2
+53 4
+43 2
+1 1
-1 6
+1 1
cfi=(32)
cfn=(108)
calls=1 43 
* 18
* 1
-2 10
+13 1
-6 1
-1 1
+1 1
+6 2
-13 9
+13 3
-6 3
-1 3
+1 3
+6 9
+2 12
+1 6
-1 12
+1 9
+3 21
-1 30
+23 6
-28 12
+31 12
+3 30
cfi=(32)
cfn=(108)
calls=3 43 
* 52
* 21
219 10
+1 22
+2 3
+2 9
+2 26
663 2
+25 2
+2 1
+1 1
-1 1
+9 3
+3 2
+3 8
297 219
628 9
cfi=(16)
cfn=(42)
calls=1 61 
* 42
+2 3

fn=(118) openaux
60 10
+7 5
-4 15
+1 5
-1 5
+1 5
-1 25
cfi=(21)
cfn=(84)
calls=5 2082 
* 8710
* 5
+5 10

fl=(21)
fn=(84)
2082 6
+11 6
-11 6
+11 12
-11 54
+11 6
-11 12
+11 12
+12 30
-12 45
+5 54
+1 36
+2 54
cfi=(27)
cfn=(86)
calls=18 304 
* 1245
* 39
2380 48
2128 6
+11 15
+26 6
-2 3
+2 3
cfi=(28)
cfn=(88)
calls=3 25 
* 96
* 6
2311 6
cfn=(90) expand_dynamic_string_token
calls=1 419 
* 249
+1 1
-3 1
+4 1
-1 2
+4 6
cfn=(92) open_verify
calls=1 1669 
* 447
+3 1
-3 1
+3 1
+12 9
+2 6
+44 3
+1 24
-1 3
+1 9
cfn=(98) _dl_map_object_from_fd
calls=3 915 
* 4712
* 3
2169 4
cfi=(9)
cfn=(18)
calls=2 28 
* 122
* 2
+2 2
-2 2
+2 2
+7 8
+35 4
+7 12
687 2
2221 2
687 4
2303 4
2202 10
+11 6
+10 4
+6 8
+2 6
+4 4
cfi=(34)
cfn=(120)
calls=2 182 
* 1957
+2 2
-2 2
+2 2
+5 6
+8 4
+27 18
cfn=(92)
calls=2 1669 
* 1147
+3 6
161 4
cfi=(9)
cfn=(18)
calls=2 28 
* 109
* 2
+1 6
cfi=(15)
cfn=(36)
calls=2 -69 
* 68
* 2
+2 6
+3 8
cfi=(16)
cfn=(42)
calls=2 61 
* 55
2283 2
-1 2
+1 4
-80 14
687 2
2204 2
687 4
2182 2
+8 10
-7 4
-1 2
+8 16
-3 6
687 2
2188 2
687 4
2106 45
+3 6
+2 6
-1 12
+1 6
cfi=(17)
cfn=(50)
calls=6 134 
* 105
* 12

fn=(92)
1669 30
+36 3
-36 6
+36 6
+21 12
cfi=(29)
cfn=(94)
calls=3 81 
* 15
+1 3
-1 3
+1 3
+10 3
+1 6
+5 18
cfi=(29)
cfn=(96)
calls=3 81 
* 15
+2 6
+2 3
+2 3
-2 3
+2 3
-2 3
+8 6
+16 15
cfi=(12)
cfn=(26)
calls=3 319 
* 261
* 6
+2 3
-2 6
+4 12
cfi=(12)
cfn=(26)
calls=3 319 
* 240
-4 6
+60 6
+5 6
+3 12
+5 6
+7 3
+1 3
-1 12
+1 9
+1 3
+15 151
+1 53
+4 12
+1 6
+13 3
+1 3
+2 3
-3 3
+1 3
-1 3
+1 3
-2 3
+4 6
+5 2
+1 2
-13 8
cfi=(12)
cfn=(26)
calls=2 319 
* 146
* 12
cfi=(12)
cfn=(26)
calls=3 319 
* 240
* 10
+16 4
+6 2
-3 2
+1 2
+1 2
+1 4
+1 8
-4 2
+1 2
+1 2
-1 6
-1 2
+4 4
+13 16
1802 3
1919 8
1771 4
cfi=(12)
cfn=(26)
calls=1 319 
* 88
* 2

fn=(98)
915 36
+11 3
-11 3
+11 3
-11 6
+11 3
cfi=(23)
cfn=(66)
calls=3 51 
* 24
+4 9
-4 3
+4 3
cfi=(30)
cfn=(102)
calls=3 36 
* 30
* 6
+11 21
+1 9
-1 27
+1 36
+17 6
+25 6
+10 6
+22 3
-89 3
+89 9
+35 21
cfi=(13)
cfn=(28)
calls=3 62 
* 1405
+1 3
-1 3
+1 3
+11 6
+5 3
-5 3
+1 6
+1 3
+2 3
-2 3
+2 12
+1 9
+1 3
+24 6
+8 3
-8 27
+8 3
-8 3
+8 3
+99 3
1094 3
1200 3
+8 3
1095 3
1208 3
1084 3
1208 3
-8 9
-98 45
-1 208
+1 154
+6 6
+1 9
+1 3
+3 4
+1 2
+5 30
+6 12
+1 6
-1 24
+7 24
+11 6
+2 6
-1 6
+4 6
-5 6
+1 6
-1 12
+2 6
-1 6
+2 6
+3 6
+4 6
-9 6
+2 6
+1 6
+1 6
+1 6
+4 6
+1 9
+5 6
-16 3
+16 15
+10 3
-10 6
-16 3
+16 15
+10 3
+3 3
+5 1
-1 1
+3 1
-1 1
-1 1
+1 1
+3 3
+1 2
+3 2
+4 4
+6 1
cfi=(24)
cfn=(126)
calls=1 53 
* 6
* 2
+1 1
+60 6
+1 9
+1 3
-6 6
+1 9
+8 9
+13 24
+2 6
+14 3
+5 18
cfi=(31)
cfn=(104)
calls=3 81 
* 18
+4 3
-4 3
+4 3
+7 3
+1 3
-1 3
+1 3
+2 3
-3 3
+1 3
+2 3
+10 3
+2 3
+33 18
+3 6
+8 24
+6 3
+2 3
-2 3
+1 3
+2 3
-1 3
+1 3
-1 9
+8 6
+3 6
+11 21
cfi=(32)
cfn=(108)
calls=3 43 
* 392
+1 15
+5 6
+15 6
-74 30
+2 12
+2 24
cfi=(31)
cfn=(104)
calls=3 81 
* 18
* 6
+9 6
+2 3
-2 3
+2 3
+1 6
+1 2
+1 1
-1 2
+1 4
-1 2
+3 4
1064 3
1420 12
+9 6
fi=(3)
38 3
fe=(21)
1429 3
fi=(3)
38 3
+6 3
-2 3
+2 6
+7 3
+5 3
+3 3
-1 3
-3 3
-3 66
+10 15
-18 45
+8 56
+10 56
-18 168
+18 3
-18 9
+2 148
+5 72
+2 12
+16 6
+20 11
+1 12
+1 12
+1 12
+2 12
+5 12
+1 11
+1 12
+35 9
+5 1
+2 1
-2 1
+2 1
+2 2
+2 2
+1 1
+2 9
+10 2
-8 4
+9 4
-1 2
+5 4
+1 2
+2 6
fe=(21)
1435 6
+16 9
+19 6
+2 15
+51 9
+1 2
+3 2
cfi=(29)
cfn=(112)
calls=1 81 
* 5
* 4
cfi=(29)
cfn=(112)
calls=2 81 
* 10
* 6
+8 15
+3 9
+2 3
-2 3
+2 3
+16 6
cfi=(6)
cfn=(10)
calls=3 865 
* 69
+4 6
+1 6
+17 6
+1 1
+3 1
+5 1
-5 1
+1 2
+4 1
-5 2
+5 2
-5 2
+1 4
+4 2
+10 9
cfi=(13)
cfn=(44)
calls=3 33 
* 132
+4 12
+20 24
1316 3
-1 15
cfi=(31)
cfn=(106)
calls=3 81 
* 15
* 3
+90 8
cfi=(31)
cfn=(104)
calls=1 81 
* 6
+3 2
fi=(3)
56 12
+3 12
+1 3
+1 12
fe=(21)
1535 6
478 2

fn=(90)
419 9
+10 2
-10 1
+10 1
cfi=(28)
cfn=(88)
calls=1 25 
* 56
* 2
161 2
cfi=(9)
cfn=(18)
calls=1 28 
* 73
* 1
+1 2
cfi=(15)
cfn=(36)
calls=1 -69 
* 34
* 1
+2 2
444 1
167 2
444 6
167 2
cfi=(16)
cfn=(42)
calls=1 61 
* 52

fn=(60)
710 1
+15 2
-15 8
+15 3
cfi=(22)
cfn=(62)
calls=1 39 
* 333
+5 1
-5 1
+5 1
cfi=(15)
cfn=(36)
calls=1 93 
* 34
* 1
+1 1
-1 1
-1 1
+2 1
+8 1
-1 1
+1 1
-1 4
+5 4
cfi=(15)
cfn=(36)
calls=1 93 
* 34
* 1
+2 1
-2 1
-1 1
+3 1
+7 1
+10 1
+9 1
-20 1
+12 1
-1 1
+3 1
+1 1
-1 1
+6 9
+1 10
+2 2
-12 1
+12 1
-14 1
+2 1
+3 1
-2 1
+3 1
-1 8
+1 3
+6 11
-1 2
+14 1
-11 1
+6 1
+1 1
+5 2
+4 3
+32 2
+55 1
+1 8
-72 1
-2 1
+2 2
+11 2
-46 2

fl=(49)
fn=(208) handle_intel.isra.0
304 4
+12 2
-12 12
+9 2
+1 4
-3 6
+23 10
cfn=(210) intel_check_word
calls=2 161 
* 1478
+1 4
+3 10
cfn=(210)
calls=2 161 
* 735
+1 4
+3 5
cfn=(210)
calls=1 161 
* 31
+1 2
+3 5
cfn=(210)
calls=1 161 
* 194
+1 2
-25 4
+5 2
-5 4
+5 2
+2 2
+1 2
-1 4
+27 16

fn=(210)
161 48
+1 18
+6 48
+2 6
-2 6
+2 6
271 10
-89 26
+53 26
+36 65
-1 13
+1 13
cfi=(51)
cfn=(212)
calls=13 26 
* 1979
+2 26
+2 12
+14 2
+6 11
170 22
+2 13
+2 26
-10 4
300 48
-23 2
+2 4
+2 4

fn=(204) init_cacheinfo
544 1
+13 1
-13 1
+13 1
-13 1
+13 1
+7 2
-6 1
cfi=(50)
cfn=(206)
calls=1 52 
* 54
* 2
738 2
+2 1
+1 1
+2 1
-3 1
+5 1
-5 1
+4 3
+4 2
+2 1
+1 1
+2 1
-3 1
+5 1
+2 1
-7 1
+4 2
+3 1
-3 1
+3 2
566 2
cfn=(208)
calls=1 304 
* 1564
+4 1
-4 1
+4 1
cfn=(208)
calls=1 304 
* 982
+2 1
-2 1
-1 1
+3 1
+29 1
-18 1
+18 3
+7 2
+9 20
-9 12
+6 6
-6 3
+6 2
+49 4
+1 5
-45 2
+6 5
+7 2
+4 4
+2 4
-6 4
+4 1
-2 1
+2 1
-4 3
+4 1
-2 1
+2 1
+15 2
-8 1
+2 2
+1 1
-1 2
+1 1
+1 1

fn=(214)
150 261
+3 252
-2 3
+3 3

fl=(16)
fn=(42)
61 16
+2 16
+2 16
+3 16
+1 16
+2 3
+1 3
+2 3
+1 3
+5 3
+1 3
-1 13
+1 13
+2 5
+1 5
+2 5
+1 10
+5 5
+1 5
-1 11
+1 11
+2 1
+1 1
+2 1
+1 1
+5 1
+1 1
-1 15
+1 15
+2 9
+1 9
+2 9
+1 9
+5 9
+1 9
-1 7
+1 15
+5 8
+1 8
+1 8
+1 8
+2 8
+2 8
+1 8
+2 8
+8 16
+8 4
+6 4
+2 4
+1 4
+3 1
+1 2
+5 1
+1 1
+2 1
+2 1
+1 1
+2 1
-8 5
+1 5
+2 5
+2 5
+1 5
+2 6
+9 1
+1 1
-1 3
+1 3
+3 4
+1 4
+1 4
+5 4
+2 4
+1 4
+1 4
+1 4
+2 4
+1 4
+1 4
+1 4
+2 4
+1 4
+2 4
+22 4
+6 4
+1 4

fn=(64)
61 6
+4 6
+3 6
+1 6
+2 2
+1 2
+2 2
+1 2
+5 2
+1 2
-1 4
+1 4
+2 4
+1 4
+2 4
+1 4
+5 4
+1 4
-1 2
+1 2
+2 1
+1 1
+2 1
+1 1
+5 1
+1 1
-1 5
+1 5
+11 6
+1 10
+5 4
+1 4
+1 4
+1 4
+2 4
+2 4
+1 4
+2 4
+6 6
+4 6
+12 1
+2 1
+1 1
+26 1
+1 1
+3 1
+1 1
+1 1
+5 1
+2 1
+1 1
+1 1
+1 1
+2 1
+1 1
+1 1
+1 1
+2 1
+1 1
+2 1
+22 1
+2 1

fl=(20) /usr/src/debug////////glibc-2.17-c758a686/posix/../sysdeps/unix/syscall-template.S
fn=(58) uname
81 4
+1 1

fl=(19)
fn=(56)
45 7
+2 3
+85 8
-45 3
cfi=(20)
cfn=(58)
calls=1 -6 
* 5
* 1
+15 1
-15 1
+20 1
-1 1
+3 12
+4 3
-2 6
+2 10
+2 1
+1 2
-3 4
+7 3
-1 3
+4 3
-2 3
+2 10
+5 2

fl=(25)
fn=(76)
159 42
+9 6
+2 6
cfi=(2)
cfn=(78)
calls=6 795 
* 12
* 6
+1 6
+2 12
-2 6
+2 6
cfi=(26)
cfn=(80)
calls=6 26 
* 120
+1 12
+2 12
+1 12
-1 6
+1 6
cfi=(33)
cfn=(118)
calls=5 60 
* 8795
cfi=(2)
cfn=(82)
calls=1 622 
* 2469
+1 6
+4 6
-4 6
+1 12
+1 12
+1 12
+10 24

fn=(128)
197 10
+1 1
cfi=(2)
cfn=(78)
calls=1 795 
* 2
+5 1
-1 1
-4 1
+9 1
+2 1
-3 1
+3 1
cfi=(2)
cfn=(130)
calls=1 654 
* 4712
+2 1
+1 1
+1 8

fl=(62)
fn=(260)
58 17
+3 17
+1 17
+1 17
+1 17
+1 17
+1 17
+1 17
+5 17
+1 17
+1 17
+1 17
+10 17
+1 17
+1 17
cfi=(63)
cfn=(262)
calls=17 -19 
* 14839
+1 17
+5 17
+1 17
+1 17
+1 17
+9 17
+1 17
+1 17
+1 17
+1 17
+1 17
+1 17
+2 17
+2 17

fl=(37)
fn=(146)
154 50
+15 5
-15 10
+15 5
+1 20
+6 10
+6 15
-18 6
+22 6
+8 10
-33 5
+78 5
fi=(5)
71 5
fe=(37)
239 10
fi=(5)
71 15
fe=(37)
265 224
165 15
fi=(5)
276 24
fe=(37)
-11 3
fi=(4)
48 3
fe=(37)
265 3
fi=(4)
58 3
fe=(37)
265 3
fi=(4)
47 6
+11 6
fe=(37)
265 2
165 10
fi=(5)
276 16
fe=(37)
-11 2
fi=(4)
48 2
fe=(37)
265 2
fi=(4)
58 2
fe=(37)
265 2
fi=(4)
47 4
+11 4
fe=(37)
265 5
fi=(4)
48 5
fe=(37)
265 5
fi=(4)
58 5
fe=(37)
265 5
fi=(4)
47 10
+11 10
+3 12
fi=(5)
485 88
+4 88
+2 132
+1 44
fi=(4)
61 132
+2 132
+11 6
+1 10
fe=(37)
265 30
+3 15
+28 5
+3 10
+17 15
+2 40
fi=(4)
84 7
+2 14
+12 7
-15 7
+15 7
-15 7
+15 7
+10 10
+3 13
fi=(5)
475 9
fi=(4)
111 12
fi=(5)
475 3585
fi=(4)
111 4780
+7 21
+3 6
+3 6
-3 6
+3 6
-74 4
fi=(5)
402 4
fi=(4)
51 4
fi=(5)
402 16
fi=(4)
127 488
+9 230
+3 230
fi=(5)
244 115
fi=(4)
138 115
-2 115
+1 460
fi=(5)
244 115
+21 230
+4 230
+7 1493
fi=(4)
137 89
fi=(5)
276 178
fi=(4)
137 89
fi=(5)
276 89
fi=(4)
138 89
fi=(5)
276 178
fi=(4)
137 89
fi=(5)
276 279
fi=(4)
137 12
fi=(5)
276 24
fi=(4)
137 12
fi=(5)
276 12
fi=(4)
138 12
fi=(5)
276 24
fi=(4)
137 12
fi=(5)
276 1248
cfi=(6)
cfn=(152)
calls=101 716 
* 65597
* 404
+2 312
+3 106
-3 212
+3 318
+6 805
fe=(37)
183 10
+1 2
+2 4
+79 10
fi=(5)
77 6
+4 9
+14 3
-8 3
+8 6
+13 6
+3 12
395 206
fi=(4)
124 378
+19 8
+1 26
+1 21
+3 14
+4 14
-1 7
-3 7
+1 7
+1 7
-1 14
fi=(5)
276 28
+2 7
+3 7
-3 7
+3 21
448 14
+1 7
cob=(3)
cfi=(45)
cfn=(174)
calls=1 49 
* 13
cob=(3)
cfi=(44)
cfn=(172)
calls=1 30 
* 22
cob=(3)
cfi=(43)
cfn=(170)
calls=1 27 
* 7
cob=(3)
cfi=(38)
cfn=(168)
calls=1 129 
* 9
cob=(3)
cfi=(42)
cfn=(166)
calls=1 30 
* 6
cob=(3)
cfi=(40)
cfn=(162)
calls=1 36 
* 22
cob=(3)
cfi=(38)
cfn=(158)
calls=1 105 
* 64
+1 14
276 33
fi=(4)
129 26
fi=(5)
276 24
+91 30
+4 50
+5 50
-71 2
+1 3
431 3
+4 6
cfi=(16)
cfn=(42)
calls=1 61 
* 18
+2 3
+1 1
fi=(4)
108 3
fe=(37)
324 10
+1 5
+1 5
-1 5
-1 10
+2 5
+3 10
+1 15
cfi=(31)
cfn=(106)
calls=5 81 
* 25
* 10
fi=(5)
-54 14
fi=(4)
129 3
+31 8
+2 20
+8 10
+1 5
-1 5
+1 5
fi=(5)
+73 5
fi=(4)
-74 10
fi=(5)
+74 5
+21 10
+4 10
+7 135
cfi=(6)
cfn=(152)
calls=5 716 
* 2733
* 20
+2 15
+3 1
-3 2
+3 3
+6 35
395 15
fi=(4)
160 15
+14 5
fi=(5)
276 95
fe=(37)

fl=(47) /usr/src/debug/glibc-2.17-c758a686/elf/dl-init.c
fn=(190) _dl_init
90 10
+5 1
-4 1
-1 1
+2 1
+3 2
+7 6
+28 3
+1 4
-97 3
+97 16
-97 12
+9 4
-3 8
+3 12
+5 9
+5 6
+8 6
+2 4
+4 8
cob=(2)
cfi=(14)
cfn=(236) 0x0000000004c26da0
calls=1 -67 
* 6
cob=(3)
cfi=(52)
cfn=(216)
calls=1 -15 
* 165
+4 3
+1 6
+6 6
+2 6
-2 3
+3 18
+1 12
cob=(5)
cfi=(59)
cfn=(240) 0x0000000000000f90
calls=1 -82 
* 16
cob=(3)
cfi=(57)
cfn=(226)
calls=1 544 
* 2688
cfi=(49)
cfn=(204)
calls=1 544 
* 2745
* 4
cob=(5)
cfi=(60) /usr/src/debug/glibc-2.17-c758a686/dlfcn/dlfcn.c
cfn=(248) init
calls=1 -53 
* 3
* 4
-1 13
+49 10
+4 1
+1 8
-86 2
-15 3
+9 1
-3 2
+3 3
+5 3
+5 2
+8 2
+2 2
+4 5
cob=(2)
cfi=(14)
cfn=(192) 0x0000000004a24560
calls=1 -67 
* 6
* 1
+4 1
+1 2
+6 2
+2 2
-2 1
+3 6
+1 4
cob=(4)
cfi=(48)
cfn=(196)
calls=1 -82 
* 16
* 1
-1 4
+17 2
-54 3

fl=(1) ???
fn=(0) 0x0000000000001420
0 2
cfi=(2)
cfn=(2)
calls=1 359 
0 112546
0 14
cfi=(47)
cfn=(190)
calls=1 90 
0 5910
0 3
cob=(6)
cfi=(61)
cfn=(252)
calls=1 0 
0 1436054

fl=(17)
fn=(50)
134 422
+1 422
+1 422
+1 214
+1 214
+1 214
+1 214
cfn=(51) strcmp'2
calls=214 -6 
* 13249
+5 208
+1 208
+1 208
+1 208

fn=(51)
134 1847
+1 1847
+1 1847
+1 1793
+1 1793
+1 1793
+1 1793
cfn=(51)
calls=1633 -6 
* 68794
+2 160
+1 160
+2 54
+1 54
+1 54
+1 54

ob=(2)
fl=(14)
fn=(192)
0 6

fn=(236)
0 6

fn=(556)
0 3

fn=(274)
0 6

fn=(530)
0 3

fn=(582)
0 3

ob=(5)
fl=(60)
fn=(248)
29 1
+1 2

fl=(111)
fn=(560) check_free
187 3
+1 3
+15 3

fn=(558)
210 2
cfn=(560)
calls=1 -23 
* 9

fl=(59)
fn=(576) 0x0000000000000ee0
0 9

fn=(240)
0 16

fn=(562)
0 8
cob=(3)
cfi=(109)
cfn=(544)
calls=1 30 
0 59
cob=(1)
cfi=(62)
cfn=(260)
calls=1 58 
0 1019
0 5
0 1
cfn=(576)
calls=1 0 
0 9
0 3

totals: 1554529
